           1   0.00000000E+00   0.00000000E+00
           2  -0.65460077E-02   0.00000000E+00
           3  -0.26196322E-01   0.00000000E+00
           4  -0.58987931E-01   0.00000000E+00
           5  -0.10498287E+00   0.00000000E+00
           6  -0.16426882E+00   0.00000000E+00
           7  -0.23695993E+00   0.00000000E+00
           8  -0.32319798E+00   0.00000000E+00
           9  -0.42315374E+00   0.00000000E+00
          10  -0.53702880E+00   0.00000000E+00
          11  -0.66505764E+00   0.00000000E+00
          12  -0.80751024E+00   0.00000000E+00
          13  -0.96469511E+00   0.00000000E+00
          14  -0.11369630E+01   0.00000000E+00
          15  -0.13247112E+01   0.00000000E+00
          16  -0.15283888E+01   0.00000000E+00
          17  -0.17485028E+01   0.00000000E+00
          18  -0.19856258E+01   0.00000000E+00
          19  -0.22404047E+01   0.00000000E+00
          20  -0.25135716E+01   0.00000000E+00
          21  -0.28059574E+01   0.00000000E+00
          22  -0.31185077E+01   0.00000000E+00
          23  -0.34523034E+01   0.00000000E+00
          24  -0.38085861E+01   0.00000000E+00
          25  -0.41887902E+01   0.00000000E+00
          26  -0.45945845E+01   0.00000000E+00
          27  -0.50279262E+01   0.00000000E+00
          28  -0.54911327E+01   0.00000000E+00
          29  -0.59869783E+01   0.00000000E+00
          30  -0.65188285E+01   0.00000000E+00
          31  -0.70908296E+01   0.00000000E+00
          32  -0.77081859E+01   0.00000000E+00
          33  -0.83775804E+01   0.00000000E+00
          34  -0.91078389E+01   0.00000000E+00
          35  -0.99110402E+01   0.00000000E+00
          36  -0.10804504E+02   0.00000000E+00
          37  -0.11814694E+02   0.00000000E+00
          38  -0.12985939E+02   0.00000000E+00
          39  -0.14404204E+02   0.00000000E+00
          40  -0.16290103E+02   0.00000000E+00
          41  -0.20943951E+02   0.00000000E+00
          42  -0.20943951E+02  -0.47123890E+01
          43  -0.20943951E+02  -0.67053360E+01
          44  -0.20943951E+02  -0.82622493E+01
          45  -0.20943951E+02  -0.95977241E+01
          46  -0.20943951E+02  -0.10794265E+02
          47  -0.20943951E+02  -0.11893878E+02
          48  -0.20943951E+02  -0.12921332E+02
          49  -0.20943951E+02  -0.13892645E+02
          50  -0.20943951E+02  -0.14818863E+02
          51  -0.20943951E+02  -0.15707963E+02
          52  -0.20943951E+02  -0.16565924E+02
          53  -0.20943951E+02  -0.17397352E+02
          54  -0.20943951E+02  -0.18205884E+02
          55  -0.20943951E+02  -0.18994443E+02
          56  -0.20943951E+02  -0.19765420E+02
          57  -0.20943951E+02  -0.20520797E+02
          58  -0.20943951E+02  -0.21262237E+02
          59  -0.20943951E+02  -0.21991149E+02
          60  -0.20943951E+02  -0.22708739E+02
          61  -0.20943951E+02  -0.23416049E+02
          62  -0.20943951E+02  -0.24113983E+02
          63  -0.20943951E+02  -0.24803333E+02
          64  -0.20943951E+02  -0.25484795E+02
          65  -0.20943951E+02  -0.26158986E+02
          66  -0.20943951E+02  -0.26826454E+02
          67  -0.20943951E+02  -0.27487689E+02
          68  -0.20943951E+02  -0.28143130E+02
          69  -0.20943951E+02  -0.28793172E+02
          70  -0.20943951E+02  -0.29438174E+02
          71  -0.20943951E+02  -0.30078460E+02
          72  -0.20943951E+02  -0.30714324E+02
          73  -0.20943951E+02  -0.31346036E+02
          74  -0.20943951E+02  -0.31973841E+02
          75  -0.20943951E+02  -0.32597966E+02
          76  -0.20943951E+02  -0.33218618E+02
          77  -0.20943951E+02  -0.33835988E+02
          78  -0.20943951E+02  -0.34450253E+02
          79  -0.20943951E+02  -0.35061575E+02
          80  -0.20943951E+02  -0.35670107E+02
          81  -0.20943951E+02  -0.36275987E+02
          82  -0.20943951E+02  -0.36879348E+02
          83  -0.20943951E+02  -0.37480311E+02
          84  -0.20943951E+02  -0.38078989E+02
          85  -0.20943951E+02  -0.38675488E+02
          86  -0.20943951E+02  -0.39269908E+02
          87  -0.20943951E+02  -0.39862342E+02
          88  -0.20943951E+02  -0.40452877E+02
          89  -0.20943951E+02  -0.41041595E+02
          90  -0.20943951E+02  -0.41628572E+02
          91  -0.20943951E+02  -0.42213883E+02
          92  -0.20943951E+02  -0.42797594E+02
          93  -0.20943951E+02  -0.43379771E+02
          94  -0.20943951E+02  -0.43960475E+02
          95  -0.20943951E+02  -0.44539763E+02
          96  -0.20943951E+02  -0.45117690E+02
          97  -0.20943951E+02  -0.45694306E+02
          98  -0.20943951E+02  -0.46269663E+02
          99  -0.20943951E+02  -0.46843805E+02
         100  -0.20943951E+02  -0.47416777E+02
         101  -0.20943951E+02  -0.47988620E+02
         102  -0.20943951E+02  -0.48559376E+02
         103  -0.20943951E+02  -0.49129081E+02
         104  -0.20943951E+02  -0.49697772E+02
         105  -0.20943951E+02  -0.50265482E+02
         106  -0.20943951E+02  -0.50832246E+02
         107  -0.20943951E+02  -0.51398094E+02
         108  -0.20943951E+02  -0.51963057E+02
         109  -0.20943951E+02  -0.52527162E+02
         110  -0.20943951E+02  -0.53090437E+02
         111  -0.20943951E+02  -0.53652909E+02
         112  -0.20943951E+02  -0.54214602E+02
         113  -0.20943951E+02  -0.54775540E+02
         114  -0.20943951E+02  -0.55335746E+02
         115  -0.20943951E+02  -0.55895242E+02
         116  -0.20943951E+02  -0.56454050E+02
         117  -0.20943951E+02  -0.57012189E+02
         118  -0.20943951E+02  -0.57569679E+02
         119  -0.20943951E+02  -0.58126539E+02
         120  -0.20943951E+02  -0.58682787E+02
         121  -0.20943951E+02  -0.59238439E+02
         122  -0.20943951E+02  -0.59793513E+02
         123  -0.20943951E+02  -0.60348024E+02
         124  -0.20943951E+02  -0.60901988E+02
         125  -0.20943951E+02  -0.61455420E+02
         126  -0.20943951E+02  -0.62008333E+02
         127  -0.20943951E+02  -0.62560742E+02
         128  -0.20943951E+02  -0.63112660E+02
         129  -0.20943951E+02  -0.63664099E+02
         130  -0.20943951E+02  -0.64215073E+02
         131  -0.20943951E+02  -0.64765592E+02
         132  -0.20943951E+02  -0.65315668E+02
         133  -0.20943951E+02  -0.65865313E+02
         134  -0.20943951E+02  -0.66414537E+02
         135  -0.20943951E+02  -0.66963350E+02
         136  -0.20943951E+02  -0.67511763E+02
         137  -0.20943951E+02  -0.68059785E+02
         138  -0.20943951E+02  -0.68607425E+02
         139  -0.20943951E+02  -0.69154694E+02
         140  -0.20943951E+02  -0.69701598E+02
         141  -0.20943951E+02  -0.70248147E+02
         142  -0.20943951E+02  -0.70794350E+02
         143  -0.20943951E+02  -0.71340213E+02
         144  -0.20943951E+02  -0.71885745E+02
         145  -0.20943951E+02  -0.72430954E+02
         146  -0.20943951E+02  -0.72975846E+02
         147  -0.20943951E+02  -0.73520428E+02
         148  -0.20943951E+02  -0.74064708E+02
         149  -0.20943951E+02  -0.74608692E+02
         150  -0.20943951E+02  -0.75152386E+02
         151  -0.20943951E+02  -0.75695797E+02
         152  -0.20943951E+02  -0.76238931E+02
         153  -0.20943951E+02  -0.76781793E+02
         154  -0.20943951E+02  -0.77324389E+02
         155  -0.20943951E+02  -0.77866726E+02
         156  -0.20943951E+02  -0.78408807E+02
         157  -0.20943951E+02  -0.78950640E+02
         158  -0.20943951E+02  -0.79492227E+02
         159  -0.20943951E+02  -0.80033576E+02
         160  -0.20943951E+02  -0.80574690E+02
         161  -0.20943951E+02  -0.81115574E+02
         162  -0.20943951E+02  -0.81656232E+02
         163  -0.20943951E+02  -0.82196670E+02
         164  -0.20943951E+02  -0.82736891E+02
         165  -0.20943951E+02  -0.83276900E+02
         166  -0.20943951E+02  -0.83816700E+02
         167  -0.20943951E+02  -0.84356297E+02
         168  -0.20943951E+02  -0.84895693E+02
         169  -0.20943951E+02  -0.85434892E+02
         170  -0.20943951E+02  -0.85973899E+02
         171  -0.20943951E+02  -0.86512716E+02
         172  -0.20943951E+02  -0.87051347E+02
         173  -0.20943951E+02  -0.87589797E+02
         174  -0.20943951E+02  -0.88128067E+02
         175  -0.20943951E+02  -0.88666162E+02
         176  -0.20943951E+02  -0.89204084E+02
         177  -0.20943951E+02  -0.89741836E+02
         178  -0.20943951E+02  -0.90279423E+02
         179  -0.20943951E+02  -0.90816845E+02
         180  -0.20943951E+02  -0.91354108E+02
         181  -0.20943951E+02  -0.91891212E+02
         182  -0.20943951E+02  -0.92428162E+02
         183  -0.20943951E+02  -0.92964959E+02
         184  -0.20943951E+02  -0.93501606E+02
         185  -0.20943951E+02  -0.94038107E+02
         186  -0.20943951E+02  -0.94574463E+02
         187  -0.20943951E+02  -0.95110676E+02
         188  -0.20943951E+02  -0.95646750E+02
         189  -0.20943951E+02  -0.96182687E+02
         190  -0.20943951E+02  -0.96718488E+02
         191  -0.20943951E+02  -0.97254156E+02
         192  -0.20943951E+02  -0.97789694E+02
         193  -0.20943951E+02  -0.98325103E+02
         194  -0.20943951E+02  -0.98860385E+02
         195  -0.20943951E+02  -0.99395543E+02
         196  -0.20943951E+02  -0.99930579E+02
         197  -0.20943951E+02  -0.10046549E+03
         198  -0.20943951E+02  -0.10100029E+03
         199  -0.20943951E+02  -0.10153497E+03
         200  -0.20943951E+02  -0.10206953E+03
         201  -0.20943951E+02  -0.10260399E+03
         202  -0.20943951E+02  -0.10313833E+03
         203  -0.20943951E+02  -0.10367256E+03
         204  -0.20943951E+02  -0.10420668E+03
         205  -0.20943951E+02  -0.10474070E+03
         206  -0.20943951E+02  -0.10527461E+03
         207  -0.20943951E+02  -0.10580842E+03
         208  -0.20943951E+02  -0.10634213E+03
         209  -0.20943951E+02  -0.10687573E+03
         210  -0.20943951E+02  -0.10740924E+03
         211  -0.20943951E+02  -0.10794265E+03
         212  -0.20943951E+02  -0.10847597E+03
         213  -0.20943951E+02  -0.10900919E+03
         214  -0.20943951E+02  -0.10954232E+03
         215  -0.20943951E+02  -0.11007536E+03
         216  -0.20943951E+02  -0.11060830E+03
         217  -0.20943951E+02  -0.11114116E+03
         218  -0.20943951E+02  -0.11167393E+03
         219  -0.20943951E+02  -0.11220662E+03
         220  -0.20943951E+02  -0.11273922E+03
         221  -0.20943951E+02  -0.11327173E+03
         222  -0.20943951E+02  -0.11380417E+03
         223  -0.20943951E+02  -0.11433652E+03
         224  -0.20943951E+02  -0.11486879E+03
         225  -0.20943951E+02  -0.11540098E+03
         226  -0.20943951E+02  -0.11593309E+03
         227  -0.20943951E+02  -0.11646513E+03
         228  -0.20943951E+02  -0.11699709E+03
         229  -0.20943951E+02  -0.11752897E+03
         230  -0.20943951E+02  -0.11806078E+03
         231  -0.20943951E+02  -0.11859252E+03
         232  -0.20943951E+02  -0.11912419E+03
         233  -0.20943951E+02  -0.11965578E+03
         234  -0.20943951E+02  -0.12018731E+03
         235  -0.20943951E+02  -0.12071876E+03
         236  -0.20943951E+02  -0.12125015E+03
         237  -0.20943951E+02  -0.12178147E+03
         238  -0.20943951E+02  -0.12231272E+03
         239  -0.20943951E+02  -0.12284391E+03
         240  -0.20943951E+02  -0.12337503E+03
         241  -0.20943951E+02  -0.12390609E+03
         242  -0.20943951E+02  -0.12443708E+03
         243  -0.20943951E+02  -0.12496801E+03
         244  -0.20943951E+02  -0.12549888E+03
         245  -0.20943951E+02  -0.12602969E+03
         246  -0.20943951E+02  -0.12656044E+03
         247  -0.20943951E+02  -0.12709113E+03
         248  -0.20943951E+02  -0.12762176E+03
         249  -0.20943951E+02  -0.12815234E+03
         250  -0.20943951E+02  -0.12868285E+03
         251  -0.20943951E+02  -0.12921332E+03
         252  -0.20943951E+02  -0.12974372E+03
         253  -0.20943951E+02  -0.13027407E+03
         254  -0.20943951E+02  -0.13080436E+03
         255  -0.20943951E+02  -0.13133461E+03
         256  -0.20943951E+02  -0.13186479E+03
         257  -0.20943951E+02  -0.13239493E+03
         258  -0.20943951E+02  -0.13292501E+03
         259  -0.20943951E+02  -0.13345505E+03
         260  -0.20943951E+02  -0.13398503E+03
         261  -0.20943951E+02  -0.13451496E+03
         262  -0.20943951E+02  -0.13504484E+03
         263  -0.20943951E+02  -0.13557468E+03
         264  -0.20943951E+02  -0.13610446E+03
         265  -0.20943951E+02  -0.13663420E+03
         266  -0.20943951E+02  -0.13716389E+03
         267  -0.20943951E+02  -0.13769354E+03
         268  -0.20943951E+02  -0.13822313E+03
         269  -0.20943951E+02  -0.13875269E+03
         270  -0.20943951E+02  -0.13928220E+03
         271  -0.20943951E+02  -0.13981166E+03
         272  -0.20943951E+02  -0.14034108E+03
         273  -0.20943951E+02  -0.14087045E+03
         274  -0.20943951E+02  -0.14139979E+03
         275  -0.20943951E+02  -0.14192908E+03
         276  -0.20943951E+02  -0.14245832E+03
         277  -0.20943951E+02  -0.14298753E+03
         278  -0.20943951E+02  -0.14351670E+03
         279  -0.20943951E+02  -0.14404582E+03
         280  -0.20943951E+02  -0.14457490E+03
         281  -0.20943951E+02  -0.14510395E+03
         282  -0.20943951E+02  -0.14563295E+03
         283  -0.20943951E+02  -0.14616192E+03
         284  -0.20943951E+02  -0.14669085E+03
         285  -0.20943951E+02  -0.14721974E+03
         286  -0.20943951E+02  -0.14774859E+03
         287  -0.20943951E+02  -0.14827740E+03
         288  -0.20943951E+02  -0.14880618E+03
         289  -0.20943951E+02  -0.14933492E+03
         290  -0.20943951E+02  -0.14986363E+03
         291  -0.20943951E+02  -0.15039230E+03
         292  -0.20943951E+02  -0.15092093E+03
         293  -0.20943951E+02  -0.15144953E+03
         294  -0.20943951E+02  -0.15197810E+03
         295  -0.20943951E+02  -0.15250663E+03
         296  -0.20943951E+02  -0.15303512E+03
         297  -0.20943951E+02  -0.15356359E+03
         298  -0.20943951E+02  -0.15409202E+03
         299  -0.20943951E+02  -0.15462041E+03
         300  -0.20943951E+02  -0.15514878E+03
         301  -0.20943951E+02  -0.15567711E+03
         302  -0.20943951E+02  -0.15620541E+03
         303  -0.20943951E+02  -0.15673368E+03
         304  -0.20943951E+02  -0.15726191E+03
         305  -0.20943951E+02  -0.15779012E+03
         306  -0.20943951E+02  -0.15831830E+03
         307  -0.20943951E+02  -0.15884644E+03
         308  -0.20943951E+02  -0.15937456E+03
         309  -0.20943951E+02  -0.15990264E+03
         310  -0.20943951E+02  -0.16043070E+03
         311  -0.20943951E+02  -0.16095873E+03
         312  -0.20943951E+02  -0.16148672E+03
         313  -0.20943951E+02  -0.16201469E+03
         314  -0.20943951E+02  -0.16254264E+03
         315  -0.20943951E+02  -0.16307055E+03
         316  -0.20943951E+02  -0.16359844E+03
         317  -0.20943951E+02  -0.16412629E+03
         318  -0.20943951E+02  -0.16465412E+03
         319  -0.20943951E+02  -0.16518193E+03
         320  -0.20943951E+02  -0.16570971E+03
         321  -0.20943951E+02  -0.16623746E+03
         322  -0.20943951E+02  -0.16676518E+03
         323  -0.20943951E+02  -0.16729288E+03
         324  -0.20943951E+02  -0.16782055E+03
         325  -0.20943951E+02  -0.16834820E+03
         326  -0.20943951E+02  -0.16887583E+03
         327  -0.20943951E+02  -0.16940342E+03
         328  -0.20943951E+02  -0.16993100E+03
         329  -0.20943951E+02  -0.17045854E+03
         330  -0.20943951E+02  -0.17098607E+03
         331  -0.20943951E+02  -0.17151357E+03
         332  -0.20943951E+02  -0.17204104E+03
         333  -0.20943951E+02  -0.17256850E+03
         334  -0.20943951E+02  -0.17309593E+03
         335  -0.20943951E+02  -0.17362333E+03
         336  -0.20943951E+02  -0.17415072E+03
         337  -0.20943951E+02  -0.17467808E+03
         338  -0.20943951E+02  -0.17520541E+03
         339  -0.20943951E+02  -0.17573273E+03
         340  -0.20943951E+02  -0.17626002E+03
         341  -0.20943951E+02  -0.17678729E+03
         342  -0.20943951E+02  -0.17731454E+03
         343  -0.20943951E+02  -0.17784177E+03
         344  -0.20943951E+02  -0.17836898E+03
         345  -0.20943951E+02  -0.17889616E+03
         346  -0.20943951E+02  -0.17942333E+03
         347  -0.20943951E+02  -0.17995047E+03
         348  -0.20943951E+02  -0.18047759E+03
         349  -0.20943951E+02  -0.18100470E+03
         350  -0.20943951E+02  -0.18153178E+03
         351  -0.20943951E+02  -0.18205884E+03
         352  -0.20943951E+02  -0.18258588E+03
         353  -0.20943951E+02  -0.18311291E+03
         354  -0.20943951E+02  -0.18363991E+03
         355  -0.20943951E+02  -0.18416689E+03
         356  -0.20943951E+02  -0.18469386E+03
         357  -0.20943951E+02  -0.18522080E+03
         358  -0.20943951E+02  -0.18574773E+03
         359  -0.20943951E+02  -0.18627463E+03
         360  -0.20943951E+02  -0.18680152E+03
         361  -0.20943951E+02  -0.18732839E+03
         362  -0.20943951E+02  -0.18785524E+03
         363  -0.20943951E+02  -0.18838208E+03
         364  -0.20943951E+02  -0.18890889E+03
         365  -0.20943951E+02  -0.18943569E+03
         366  -0.20943951E+02  -0.18996247E+03
         367  -0.20943951E+02  -0.19048924E+03
         368  -0.20943951E+02  -0.19101598E+03
         369  -0.20943951E+02  -0.19154271E+03
         370  -0.20943951E+02  -0.19206942E+03
         371  -0.20943951E+02  -0.19259611E+03
         372  -0.20943951E+02  -0.19312279E+03
         373  -0.20943951E+02  -0.19364945E+03
         374  -0.20943951E+02  -0.19417610E+03
         375  -0.20943951E+02  -0.19470272E+03
         376  -0.20943951E+02  -0.19522933E+03
         377  -0.20943951E+02  -0.19575593E+03
         378  -0.20943951E+02  -0.19628251E+03
         379  -0.20943951E+02  -0.19680907E+03
         380  -0.20943951E+02  -0.19733562E+03
         381  -0.20943951E+02  -0.19786215E+03
         382  -0.20943951E+02  -0.19838867E+03
         383  -0.20943951E+02  -0.19891517E+03
         384  -0.20943951E+02  -0.19944165E+03
         385  -0.20943951E+02  -0.19996812E+03
         386  -0.20943951E+02  -0.20049458E+03
         387  -0.20943951E+02  -0.20102102E+03
         388  -0.20943951E+02  -0.20154745E+03
         389  -0.20943951E+02  -0.20207386E+03
         390  -0.20943951E+02  -0.20260025E+03
         391  -0.20943951E+02  -0.20312663E+03
         392  -0.20943951E+02  -0.20365300E+03
         393  -0.20943951E+02  -0.20417935E+03
         394  -0.20943951E+02  -0.20470569E+03
         395  -0.20943951E+02  -0.20523202E+03
         396  -0.20943951E+02  -0.20575833E+03
         397  -0.20943951E+02  -0.20628463E+03
         398  -0.20943951E+02  -0.20681091E+03
         399  -0.20943951E+02  -0.20733718E+03
         400  -0.20943951E+02  -0.20786344E+03
         401  -0.20943951E+02  -0.20838968E+03
         402  -0.20943951E+02  -0.20891591E+03
         403  -0.20943951E+02  -0.20944213E+03
         404  -0.20943951E+02  -0.20996833E+03
         405  -0.20943951E+02  -0.21049452E+03
         406  -0.20943951E+02  -0.21102070E+03
         407  -0.20943951E+02  -0.21154687E+03
         408  -0.20943951E+02  -0.21207302E+03
         409  -0.20943951E+02  -0.21259916E+03
         410  -0.20943951E+02  -0.21312528E+03
         411  -0.20943951E+02  -0.21365140E+03
         412  -0.20943951E+02  -0.21417750E+03
         413  -0.20943951E+02  -0.21470359E+03
         414  -0.20943951E+02  -0.21522967E+03
         415  -0.20943951E+02  -0.21575574E+03
         416  -0.20943951E+02  -0.21628179E+03
         417  -0.20943951E+02  -0.21680783E+03
         418  -0.20943951E+02  -0.21733386E+03
         419  -0.20943951E+02  -0.21785988E+03
         420  -0.20943951E+02  -0.21838589E+03
         421  -0.20943951E+02  -0.21891188E+03
         422  -0.20943951E+02  -0.21943787E+03
         423  -0.20943951E+02  -0.21996384E+03
         424  -0.20943951E+02  -0.22048980E+03
         425  -0.20943951E+02  -0.22101575E+03
         426  -0.20943951E+02  -0.22154169E+03
         427  -0.20943951E+02  -0.22206762E+03
         428  -0.20943951E+02  -0.22259353E+03
         429  -0.20943951E+02  -0.22311944E+03
         430  -0.20943951E+02  -0.22364534E+03
         431  -0.20943951E+02  -0.22417122E+03
         432  -0.20943951E+02  -0.22469709E+03
         433  -0.20943951E+02  -0.22522296E+03
         434  -0.20943951E+02  -0.22574881E+03
         435  -0.20943951E+02  -0.22627465E+03
         436  -0.20943951E+02  -0.22680048E+03
         437  -0.20943951E+02  -0.22732630E+03
         438  -0.20943951E+02  -0.22785212E+03
         439  -0.20943951E+02  -0.22837792E+03
         440  -0.20943951E+02  -0.22890371E+03
         441  -0.20943951E+02  -0.22942949E+03
         442  -0.20943951E+02  -0.22995526E+03
         443  -0.20943951E+02  -0.23048102E+03
         444  -0.20943951E+02  -0.23100677E+03
         445  -0.20943951E+02  -0.23153251E+03
         446  -0.20943951E+02  -0.23205824E+03
         447  -0.20943951E+02  -0.23258397E+03
         448  -0.20943951E+02  -0.23310968E+03
         449  -0.20943951E+02  -0.23363538E+03
         450  -0.20943951E+02  -0.23416108E+03
         451  -0.20943951E+02  -0.23468676E+03
         452  -0.20943951E+02  -0.23521244E+03
         453  -0.20943951E+02  -0.23573810E+03
         454  -0.20943951E+02  -0.23626376E+03
         455  -0.20943951E+02  -0.23678941E+03
         456  -0.20943951E+02  -0.23731504E+03
         457  -0.20943951E+02  -0.23784067E+03
         458  -0.20943951E+02  -0.23836629E+03
         459  -0.20943951E+02  -0.23889191E+03
         460  -0.20943951E+02  -0.23941751E+03
         461  -0.20943951E+02  -0.23994310E+03
         462  -0.20943951E+02  -0.24046869E+03
         463  -0.20943951E+02  -0.24099426E+03
         464  -0.20943951E+02  -0.24151983E+03
         465  -0.20943951E+02  -0.24204539E+03
         466  -0.20943951E+02  -0.24257094E+03
         467  -0.20943951E+02  -0.24309649E+03
         468  -0.20943951E+02  -0.24362202E+03
         469  -0.20943951E+02  -0.24414755E+03
         470  -0.20943951E+02  -0.24467306E+03
         471  -0.20943951E+02  -0.24519857E+03
         472  -0.20943951E+02  -0.24572407E+03
         473  -0.20943951E+02  -0.24624957E+03
         474  -0.20943951E+02  -0.24677505E+03
         475  -0.20943951E+02  -0.24730053E+03
         476  -0.20943951E+02  -0.24782600E+03
         477  -0.20943951E+02  -0.24835146E+03
         478  -0.20943951E+02  -0.24887691E+03
         479  -0.20943951E+02  -0.24940236E+03
         480  -0.20943951E+02  -0.24992780E+03
         481  -0.20943951E+02  -0.25045323E+03
         482  -0.20943951E+02  -0.25097865E+03
         483  -0.20943951E+02  -0.25150406E+03
         484  -0.20943951E+02  -0.25202947E+03
         485  -0.20943951E+02  -0.25255487E+03
         486  -0.20943951E+02  -0.25308026E+03
         487  -0.20943951E+02  -0.25360565E+03
         488  -0.20943951E+02  -0.25413103E+03
         489  -0.20943951E+02  -0.25465640E+03
         490  -0.20943951E+02  -0.25518176E+03
         491  -0.20943951E+02  -0.25570712E+03
         492  -0.20943951E+02  -0.25623246E+03
         493  -0.20943951E+02  -0.25675781E+03
         494  -0.20943951E+02  -0.25728314E+03
         495  -0.20943951E+02  -0.25780847E+03
         496  -0.20943951E+02  -0.25833379E+03
         497  -0.20943951E+02  -0.25885910E+03
         498  -0.20943951E+02  -0.25938441E+03
         499  -0.20943951E+02  -0.25990971E+03
         500  -0.20943951E+02  -0.26043500E+03
         501  -0.20943951E+02  -0.26096029E+03
         502  -0.20943951E+02  -0.26148556E+03
         503  -0.20943951E+02  -0.26201084E+03
         504  -0.20943951E+02  -0.26253610E+03
         505  -0.20943951E+02  -0.26306136E+03
         506  -0.20943951E+02  -0.26358661E+03
         507  -0.20943951E+02  -0.26411186E+03
         508  -0.20943951E+02  -0.26463710E+03
         509  -0.20943951E+02  -0.26516233E+03
         510  -0.20943951E+02  -0.26568756E+03
         511  -0.20943951E+02  -0.26621278E+03
         512  -0.20943951E+02  -0.26673799E+03
         513  -0.20943951E+02  -0.26726320E+03
         514  -0.20943951E+02  -0.26778840E+03
         515  -0.20943951E+02  -0.26831359E+03
         516  -0.20943951E+02  -0.26883878E+03
         517  -0.20943951E+02  -0.26936396E+03
         518  -0.20943951E+02  -0.26988914E+03
         519  -0.20943951E+02  -0.27041431E+03
         520  -0.20943951E+02  -0.27093947E+03
         521  -0.20943951E+02  -0.27146463E+03
         522  -0.20943951E+02  -0.27198978E+03
         523  -0.20943951E+02  -0.27251493E+03
         524  -0.20943951E+02  -0.27304007E+03
         525  -0.20943951E+02  -0.27356520E+03
         526  -0.20943951E+02  -0.27409033E+03
         527  -0.20943951E+02  -0.27461545E+03
         528  -0.20943951E+02  -0.27514057E+03
         529  -0.20943951E+02  -0.27566568E+03
         530  -0.20943951E+02  -0.27619079E+03
         531  -0.20943951E+02  -0.27671588E+03
         532  -0.20943951E+02  -0.27724098E+03
         533  -0.20943951E+02  -0.27776607E+03
         534  -0.20943951E+02  -0.27829115E+03
         535  -0.20943951E+02  -0.27881623E+03
         536  -0.20943951E+02  -0.27934130E+03
         537  -0.20943951E+02  -0.27986636E+03
         538  -0.20943951E+02  -0.28039142E+03
         539  -0.20943951E+02  -0.28091648E+03
         540  -0.20943951E+02  -0.28144153E+03
         541  -0.20943951E+02  -0.28196657E+03
         542  -0.20943951E+02  -0.28249161E+03
         543  -0.20943951E+02  -0.28301664E+03
         544  -0.20943951E+02  -0.28354167E+03
         545  -0.20943951E+02  -0.28406669E+03
         546  -0.20943951E+02  -0.28459171E+03
         547  -0.20943951E+02  -0.28511672E+03
         548  -0.20943951E+02  -0.28564173E+03
         549  -0.20943951E+02  -0.28616673E+03
         550  -0.20943951E+02  -0.28669173E+03
         551  -0.20943951E+02  -0.28721672E+03
         552  -0.20943951E+02  -0.28774171E+03
         553  -0.20943951E+02  -0.28826669E+03
         554  -0.20943951E+02  -0.28879166E+03
         555  -0.20943951E+02  -0.28931663E+03
         556  -0.20943951E+02  -0.28984160E+03
         557  -0.20943951E+02  -0.29036656E+03
         558  -0.20943951E+02  -0.29089152E+03
         559  -0.20943951E+02  -0.29141647E+03
         560  -0.20943951E+02  -0.29194142E+03
         561  -0.20943951E+02  -0.29246636E+03
         562  -0.20943951E+02  -0.29299130E+03
         563  -0.20943951E+02  -0.29351623E+03
         564  -0.20943951E+02  -0.29404116E+03
         565  -0.20943951E+02  -0.29456608E+03
         566  -0.20943951E+02  -0.29509100E+03
         567  -0.20943951E+02  -0.29561591E+03
         568  -0.20943951E+02  -0.29614082E+03
         569  -0.20943951E+02  -0.29666572E+03
         570  -0.20943951E+02  -0.29719062E+03
         571  -0.20943951E+02  -0.29771552E+03
         572  -0.20943951E+02  -0.29824041E+03
         573  -0.20943951E+02  -0.29876530E+03
         574  -0.20943951E+02  -0.29929018E+03
         575  -0.20943951E+02  -0.29981505E+03
         576  -0.20943951E+02  -0.30033993E+03
         577  -0.20943951E+02  -0.30086480E+03
         578  -0.20943951E+02  -0.30138966E+03
         579  -0.20943951E+02  -0.30191452E+03
         580  -0.20943951E+02  -0.30243937E+03
         581  -0.20943951E+02  -0.30296422E+03
         582  -0.20943951E+02  -0.30348907E+03
         583  -0.20943951E+02  -0.30401391E+03
         584  -0.20943951E+02  -0.30453875E+03
         585  -0.20943951E+02  -0.30506358E+03
         586  -0.20943951E+02  -0.30558841E+03
         587  -0.20943951E+02  -0.30611324E+03
         588  -0.20943951E+02  -0.30663806E+03
         589  -0.20943951E+02  -0.30716287E+03
         590  -0.20943951E+02  -0.30768769E+03
         591  -0.20943951E+02  -0.30821250E+03
         592  -0.20943951E+02  -0.30873730E+03
         593  -0.20943951E+02  -0.30926210E+03
         594  -0.20943951E+02  -0.30978690E+03
         595  -0.20943951E+02  -0.31031169E+03
         596  -0.20943951E+02  -0.31083648E+03
         597  -0.20943951E+02  -0.31136126E+03
         598  -0.20943951E+02  -0.31188604E+03
         599  -0.20943951E+02  -0.31241082E+03
         600  -0.20943951E+02  -0.31293559E+03
         601  -0.20943951E+02  -0.31346036E+03
         602  -0.20943951E+02  -0.31398512E+03
         603  -0.20943951E+02  -0.31450988E+03
         604  -0.20943951E+02  -0.31503464E+03
         605  -0.20943951E+02  -0.31555939E+03
         606  -0.20943951E+02  -0.31608414E+03
         607  -0.20943951E+02  -0.31660888E+03
         608  -0.20943951E+02  -0.31713363E+03
         609  -0.20943951E+02  -0.31765836E+03
         610  -0.20943951E+02  -0.31818310E+03
         611  -0.20943951E+02  -0.31870783E+03
         612  -0.20943951E+02  -0.31923255E+03
         613  -0.20943951E+02  -0.31975728E+03
         614  -0.20943951E+02  -0.32028199E+03
         615  -0.20943951E+02  -0.32080671E+03
         616  -0.20943951E+02  -0.32133142E+03
         617  -0.20943951E+02  -0.32185613E+03
         618  -0.20943951E+02  -0.32238083E+03
         619  -0.20943951E+02  -0.32290553E+03
         620  -0.20943951E+02  -0.32343023E+03
         621  -0.20943951E+02  -0.32395493E+03
         622  -0.20943951E+02  -0.32447962E+03
         623  -0.20943951E+02  -0.32500430E+03
         624  -0.20943951E+02  -0.32552898E+03
         625  -0.20943951E+02  -0.32605366E+03
         626  -0.20943951E+02  -0.32657834E+03
         627  -0.20943951E+02  -0.32710301E+03
         628  -0.20943951E+02  -0.32762768E+03
         629  -0.20943951E+02  -0.32815235E+03
         630  -0.20943951E+02  -0.32867701E+03
         631  -0.20943951E+02  -0.32920167E+03
         632  -0.20943951E+02  -0.32972633E+03
         633  -0.20943951E+02  -0.33025098E+03
         634  -0.20943951E+02  -0.33077563E+03
         635  -0.20943951E+02  -0.33130027E+03
         636  -0.20943951E+02  -0.33182491E+03
         637  -0.20943951E+02  -0.33234955E+03
         638  -0.20943951E+02  -0.33287419E+03
         639  -0.20943951E+02  -0.33339882E+03
         640  -0.20943951E+02  -0.33392345E+03
         641  -0.20943951E+02  -0.33444808E+03
         642  -0.20943951E+02  -0.33497270E+03
         643  -0.20943951E+02  -0.33549732E+03
         644  -0.20943951E+02  -0.33602194E+03
         645  -0.20943951E+02  -0.33654655E+03
         646  -0.20943951E+02  -0.33707116E+03
         647  -0.20943951E+02  -0.33759577E+03
         648  -0.20943951E+02  -0.33812037E+03
         649  -0.20943951E+02  -0.33864497E+03
         650  -0.20943951E+02  -0.33916957E+03
         651  -0.20943951E+02  -0.33969416E+03
         652  -0.20943951E+02  -0.34021876E+03
         653  -0.20943951E+02  -0.34074334E+03
         654  -0.20943951E+02  -0.34126793E+03
         655  -0.20943951E+02  -0.34179251E+03
         656  -0.20943951E+02  -0.34231709E+03
         657  -0.20943951E+02  -0.34284167E+03
         658  -0.20943951E+02  -0.34336624E+03
         659  -0.20943951E+02  -0.34389081E+03
         660  -0.20943951E+02  -0.34441538E+03
         661  -0.20943951E+02  -0.34493994E+03
         662  -0.20943951E+02  -0.34546450E+03
         663  -0.20943951E+02  -0.34598906E+03
         664  -0.20943951E+02  -0.34651362E+03
         665  -0.20943951E+02  -0.34703817E+03
         666  -0.20943951E+02  -0.34756272E+03
         667  -0.20943951E+02  -0.34808727E+03
         668  -0.20943951E+02  -0.34861181E+03
         669  -0.20943951E+02  -0.34913635E+03
         670  -0.20943951E+02  -0.34966089E+03
         671  -0.20943951E+02  -0.35018543E+03
         672  -0.20943951E+02  -0.35070996E+03
         673  -0.20943951E+02  -0.35123449E+03
         674  -0.20943951E+02  -0.35175902E+03
         675  -0.20943951E+02  -0.35228354E+03
         676  -0.20943951E+02  -0.35280807E+03
         677  -0.20943951E+02  -0.35333259E+03
         678  -0.20943951E+02  -0.35385710E+03
         679  -0.20943951E+02  -0.35438162E+03
         680  -0.20943951E+02  -0.35490613E+03
         681  -0.20943951E+02  -0.35543064E+03
         682  -0.20943951E+02  -0.35595514E+03
         683  -0.20943951E+02  -0.35647964E+03
         684  -0.20943951E+02  -0.35700414E+03
         685  -0.20943951E+02  -0.35752864E+03
         686  -0.20943951E+02  -0.35805314E+03
         687  -0.20943951E+02  -0.35857763E+03
         688  -0.20943951E+02  -0.35910212E+03
         689  -0.20943951E+02  -0.35962661E+03
         690  -0.20943951E+02  -0.36015109E+03
         691  -0.20943951E+02  -0.36067557E+03
         692  -0.20943951E+02  -0.36120005E+03
         693  -0.20943951E+02  -0.36172453E+03
         694  -0.20943951E+02  -0.36224900E+03
         695  -0.20943951E+02  -0.36277348E+03
         696  -0.20943951E+02  -0.36329795E+03
         697  -0.20943951E+02  -0.36382241E+03
         698  -0.20943951E+02  -0.36434688E+03
         699  -0.20943951E+02  -0.36487134E+03
         700  -0.20943951E+02  -0.36539580E+03
         701  -0.20943951E+02  -0.36592026E+03
         702  -0.20943951E+02  -0.36644471E+03
         703  -0.20943951E+02  -0.36696916E+03
         704  -0.20943951E+02  -0.36749361E+03
         705  -0.20943951E+02  -0.36801806E+03
         706  -0.20943951E+02  -0.36854250E+03
         707  -0.20943951E+02  -0.36906695E+03
         708  -0.20943951E+02  -0.36959139E+03
         709  -0.20943951E+02  -0.37011582E+03
         710  -0.20943951E+02  -0.37064026E+03
         711  -0.20943951E+02  -0.37116469E+03
         712  -0.20943951E+02  -0.37168912E+03
         713  -0.20943951E+02  -0.37221355E+03
         714  -0.20943951E+02  -0.37273798E+03
         715  -0.20943951E+02  -0.37326240E+03
         716  -0.20943951E+02  -0.37378682E+03
         717  -0.20943951E+02  -0.37431124E+03
         718  -0.20943951E+02  -0.37483566E+03
         719  -0.20943951E+02  -0.37536007E+03
         720  -0.20943951E+02  -0.37588448E+03
         721  -0.20943951E+02  -0.37640889E+03
         722  -0.20943951E+02  -0.37693330E+03
         723  -0.20943951E+02  -0.37745771E+03
         724  -0.20943951E+02  -0.37798211E+03
         725  -0.20943951E+02  -0.37850651E+03
         726  -0.20943951E+02  -0.37903091E+03
         727  -0.20943951E+02  -0.37955530E+03
         728  -0.20943951E+02  -0.38007970E+03
         729  -0.20943951E+02  -0.38060409E+03
         730  -0.20943951E+02  -0.38112848E+03
         731  -0.20943951E+02  -0.38165287E+03
         732  -0.20943951E+02  -0.38217725E+03
         733  -0.20943951E+02  -0.38270164E+03
         734  -0.20943951E+02  -0.38322602E+03
         735  -0.20943951E+02  -0.38375040E+03
         736  -0.20943951E+02  -0.38427477E+03
         737  -0.20943951E+02  -0.38479915E+03
         738  -0.20943951E+02  -0.38532352E+03
         739  -0.20943951E+02  -0.38584789E+03
         740  -0.20943951E+02  -0.38637226E+03
         741  -0.20943951E+02  -0.38689663E+03
         742  -0.20943951E+02  -0.38742099E+03
         743  -0.20943951E+02  -0.38794535E+03
         744  -0.20943951E+02  -0.38846971E+03
         745  -0.20943951E+02  -0.38899407E+03
         746  -0.20943951E+02  -0.38951843E+03
         747  -0.20943951E+02  -0.39004278E+03
         748  -0.20943951E+02  -0.39056713E+03
         749  -0.20943951E+02  -0.39109148E+03
         750  -0.20943951E+02  -0.39161583E+03
         751  -0.20943951E+02  -0.39214018E+03
         752  -0.20943951E+02  -0.39266452E+03
         753  -0.20943951E+02  -0.39318886E+03
         754  -0.20943951E+02  -0.39371320E+03
         755  -0.20943951E+02  -0.39423754E+03
         756  -0.20943951E+02  -0.39476188E+03
         757  -0.20943951E+02  -0.39528621E+03
         758  -0.20943951E+02  -0.39581055E+03
         759  -0.20943951E+02  -0.39633488E+03
         760  -0.20943951E+02  -0.39685920E+03
         761  -0.20943951E+02  -0.39738353E+03
         762  -0.20943951E+02  -0.39790786E+03
         763  -0.20943951E+02  -0.39843218E+03
         764  -0.20943951E+02  -0.39895650E+03
         765  -0.20943951E+02  -0.39948082E+03
         766  -0.20943951E+02  -0.40000513E+03
         767  -0.20943951E+02  -0.40052945E+03
         768  -0.20943951E+02  -0.40105376E+03
         769  -0.20943951E+02  -0.40157807E+03
         770  -0.20943951E+02  -0.40210238E+03
         771  -0.20943951E+02  -0.40262669E+03
         772  -0.20943951E+02  -0.40315100E+03
         773  -0.20943951E+02  -0.40367530E+03
         774  -0.20943951E+02  -0.40419960E+03
         775  -0.20943951E+02  -0.40472390E+03
         776  -0.20943951E+02  -0.40524820E+03
         777  -0.20943951E+02  -0.40577250E+03
         778  -0.20943951E+02  -0.40629679E+03
         779  -0.20943951E+02  -0.40682109E+03
         780  -0.20943951E+02  -0.40734538E+03
         781  -0.20943951E+02  -0.40786967E+03
         782  -0.20943951E+02  -0.40839395E+03
         783  -0.20943951E+02  -0.40891824E+03
         784  -0.20943951E+02  -0.40944252E+03
         785  -0.20943951E+02  -0.40996681E+03
         786  -0.20943951E+02  -0.41049109E+03
         787  -0.20943951E+02  -0.41101537E+03
         788  -0.20943951E+02  -0.41153964E+03
         789  -0.20943951E+02  -0.41206392E+03
         790  -0.20943951E+02  -0.41258819E+03
         791  -0.20943951E+02  -0.41311247E+03
         792  -0.20943951E+02  -0.41363674E+03
         793  -0.20943951E+02  -0.41416100E+03
         794  -0.20943951E+02  -0.41468527E+03
         795  -0.20943951E+02  -0.41520954E+03
         796  -0.20943951E+02  -0.41573380E+03
         797  -0.20943951E+02  -0.41625806E+03
         798  -0.20943951E+02  -0.41678232E+03
         799  -0.20943951E+02  -0.41730658E+03
         800  -0.20943951E+02  -0.41783084E+03
         801  -0.20943951E+02  -0.41835509E+03
         802  -0.20943951E+02  -0.41887935E+03
         803  -0.20943951E+02  -0.41940360E+03
         804  -0.20943951E+02  -0.41992785E+03
         805  -0.20943951E+02  -0.42045210E+03
         806  -0.20943951E+02  -0.42097635E+03
         807  -0.20943951E+02  -0.42150059E+03
         808  -0.20943951E+02  -0.42202484E+03
         809  -0.20943951E+02  -0.42254908E+03
         810  -0.20943951E+02  -0.42307332E+03
         811  -0.20943951E+02  -0.42359756E+03
         812  -0.20943951E+02  -0.42412180E+03
         813  -0.20943951E+02  -0.42464603E+03
         814  -0.20943951E+02  -0.42517027E+03
         815  -0.20943951E+02  -0.42569450E+03
         816  -0.20943951E+02  -0.42621873E+03
         817  -0.20943951E+02  -0.42674296E+03
         818  -0.20943951E+02  -0.42726719E+03
         819  -0.20943951E+02  -0.42779141E+03
         820  -0.20943951E+02  -0.42831564E+03
         821  -0.20943951E+02  -0.42883986E+03
         822  -0.20943951E+02  -0.42936409E+03
         823  -0.20943951E+02  -0.42988831E+03
         824  -0.20943951E+02  -0.43041253E+03
         825  -0.20943951E+02  -0.43093674E+03
         826  -0.20943951E+02  -0.43146096E+03
         827  -0.20943951E+02  -0.43198517E+03
         828  -0.20943951E+02  -0.43250939E+03
         829  -0.20943951E+02  -0.43303360E+03
         830  -0.20943951E+02  -0.43355781E+03
         831  -0.20943951E+02  -0.43408202E+03
         832  -0.20943951E+02  -0.43460622E+03
         833  -0.20943951E+02  -0.43513043E+03
         834  -0.20943951E+02  -0.43565463E+03
         835  -0.20943951E+02  -0.43617884E+03
         836  -0.20943951E+02  -0.43670304E+03
         837  -0.20943951E+02  -0.43722724E+03
         838  -0.20943951E+02  -0.43775144E+03
         839  -0.20943951E+02  -0.43827563E+03
         840  -0.20943951E+02  -0.43879983E+03
         841  -0.20943951E+02  -0.43932402E+03
         842  -0.20943951E+02  -0.43984822E+03
         843  -0.20943951E+02  -0.44037241E+03
         844  -0.20943951E+02  -0.44089660E+03
         845  -0.20943951E+02  -0.44142079E+03
         846  -0.20943951E+02  -0.44194497E+03
         847  -0.20943951E+02  -0.44246916E+03
         848  -0.20943951E+02  -0.44299334E+03
         849  -0.20943951E+02  -0.44351753E+03
         850  -0.20943951E+02  -0.44404171E+03
         851  -0.20943951E+02  -0.44456589E+03
         852  -0.20943951E+02  -0.44509007E+03
         853  -0.20943951E+02  -0.44561424E+03
         854  -0.20943951E+02  -0.44613842E+03
         855  -0.20943951E+02  -0.44666259E+03
         856  -0.20943951E+02  -0.44718677E+03
         857  -0.20943951E+02  -0.44771094E+03
         858  -0.20943951E+02  -0.44823511E+03
         859  -0.20943951E+02  -0.44875928E+03
         860  -0.20943951E+02  -0.44928345E+03
         861  -0.20943951E+02  -0.44980761E+03
         862  -0.20943951E+02  -0.45033178E+03
         863  -0.20943951E+02  -0.45085594E+03
         864  -0.20943951E+02  -0.45138011E+03
         865  -0.20943951E+02  -0.45190427E+03
         866  -0.20943951E+02  -0.45242843E+03
         867  -0.20943951E+02  -0.45295259E+03
         868  -0.20943951E+02  -0.45347674E+03
         869  -0.20943951E+02  -0.45400090E+03
         870  -0.20943951E+02  -0.45452506E+03
         871  -0.20943951E+02  -0.45504921E+03
         872  -0.20943951E+02  -0.45557336E+03
         873  -0.20943951E+02  -0.45609751E+03
         874  -0.20943951E+02  -0.45662166E+03
         875  -0.20943951E+02  -0.45714581E+03
         876  -0.20943951E+02  -0.45766996E+03
         877  -0.20943951E+02  -0.45819411E+03
         878  -0.20943951E+02  -0.45871825E+03
         879  -0.20943951E+02  -0.45924239E+03
         880  -0.20943951E+02  -0.45976654E+03
         881  -0.20943951E+02  -0.46029068E+03
         882  -0.20943951E+02  -0.46081482E+03
         883  -0.20943951E+02  -0.46133896E+03
         884  -0.20943951E+02  -0.46186309E+03
         885  -0.20943951E+02  -0.46238723E+03
         886  -0.20943951E+02  -0.46291136E+03
         887  -0.20943951E+02  -0.46343550E+03
         888  -0.20943951E+02  -0.46395963E+03
         889  -0.20943951E+02  -0.46448376E+03
         890  -0.20943951E+02  -0.46500789E+03
         891  -0.20943951E+02  -0.46553202E+03
         892  -0.20943951E+02  -0.46605615E+03
         893  -0.20943951E+02  -0.46658028E+03
         894  -0.20943951E+02  -0.46710440E+03
         895  -0.20943951E+02  -0.46762853E+03
         896  -0.20943951E+02  -0.46815265E+03
         897  -0.20943951E+02  -0.46867677E+03
         898  -0.20943951E+02  -0.46920089E+03
         899  -0.20943951E+02  -0.46972501E+03
         900  -0.20943951E+02  -0.47024913E+03
         901  -0.20943951E+02  -0.47077325E+03
         902  -0.20943951E+02  -0.47129736E+03
         903  -0.20943951E+02  -0.47182148E+03
         904  -0.20943951E+02  -0.47234559E+03
         905  -0.20943951E+02  -0.47286970E+03
         906  -0.20943951E+02  -0.47339382E+03
         907  -0.20943951E+02  -0.47391793E+03
         908  -0.20943951E+02  -0.47444204E+03
         909  -0.20943951E+02  -0.47496614E+03
         910  -0.20943951E+02  -0.47549025E+03
         911  -0.20943951E+02  -0.47601436E+03
         912  -0.20943951E+02  -0.47653846E+03
         913  -0.20943951E+02  -0.47706257E+03
         914  -0.20943951E+02  -0.47758667E+03
         915  -0.20943951E+02  -0.47811077E+03
         916  -0.20943951E+02  -0.47863487E+03
         917  -0.20943951E+02  -0.47915897E+03
         918  -0.20943951E+02  -0.47968307E+03
         919  -0.20943951E+02  -0.48020716E+03
         920  -0.20943951E+02  -0.48073126E+03
         921  -0.20943951E+02  -0.48125535E+03
         922  -0.20943951E+02  -0.48177945E+03
         923  -0.20943951E+02  -0.48230354E+03
         924  -0.20943951E+02  -0.48282763E+03
         925  -0.20943951E+02  -0.48335172E+03
         926  -0.20943951E+02  -0.48387581E+03
         927  -0.20943951E+02  -0.48439990E+03
         928  -0.20943951E+02  -0.48492399E+03
         929  -0.20943951E+02  -0.48544808E+03
         930  -0.20943951E+02  -0.48597216E+03
         931  -0.20943951E+02  -0.48649625E+03
         932  -0.20943951E+02  -0.48702033E+03
         933  -0.20943951E+02  -0.48754441E+03
         934  -0.20943951E+02  -0.48806849E+03
         935  -0.20943951E+02  -0.48859257E+03
         936  -0.20943951E+02  -0.48911665E+03
         937  -0.20943951E+02  -0.48964073E+03
         938  -0.20943951E+02  -0.49016481E+03
         939  -0.20943951E+02  -0.49068888E+03
         940  -0.20943951E+02  -0.49121296E+03
         941  -0.20943951E+02  -0.49173703E+03
         942  -0.20943951E+02  -0.49226110E+03
         943  -0.20943951E+02  -0.49278518E+03
         944  -0.20943951E+02  -0.49330925E+03
         945  -0.20943951E+02  -0.49383332E+03
         946  -0.20943951E+02  -0.49435739E+03
         947  -0.20943951E+02  -0.49488145E+03
         948  -0.20943951E+02  -0.49540552E+03
         949  -0.20943951E+02  -0.49592959E+03
         950  -0.20943951E+02  -0.49645365E+03
         951  -0.20943951E+02  -0.49697772E+03
         952  -0.20943951E+02  -0.49750178E+03
         953  -0.20943951E+02  -0.49802584E+03
         954  -0.20943951E+02  -0.49854990E+03
         955  -0.20943951E+02  -0.49907396E+03
         956  -0.20943951E+02  -0.49959802E+03
         957  -0.20943951E+02  -0.50012208E+03
         958  -0.20943951E+02  -0.50064614E+03
         959  -0.20943951E+02  -0.50117019E+03
         960  -0.20943951E+02  -0.50169425E+03
         961  -0.20943951E+02  -0.50221830E+03
         962  -0.20943951E+02  -0.50274236E+03
         963  -0.20943951E+02  -0.50326641E+03
         964  -0.20943951E+02  -0.50379046E+03
         965  -0.20943951E+02  -0.50431451E+03
         966  -0.20943951E+02  -0.50483856E+03
         967  -0.20943951E+02  -0.50536261E+03
         968  -0.20943951E+02  -0.50588666E+03
         969  -0.20943951E+02  -0.50641070E+03
         970  -0.20943951E+02  -0.50693475E+03
         971  -0.20943951E+02  -0.50745879E+03
         972  -0.20943951E+02  -0.50798284E+03
         973  -0.20943951E+02  -0.50850688E+03
         974  -0.20943951E+02  -0.50903092E+03
         975  -0.20943951E+02  -0.50955497E+03
         976  -0.20943951E+02  -0.51007901E+03
         977  -0.20943951E+02  -0.51060305E+03
         978  -0.20943951E+02  -0.51112708E+03
         979  -0.20943951E+02  -0.51165112E+03
         980  -0.20943951E+02  -0.51217516E+03
         981  -0.20943951E+02  -0.51269919E+03
         982  -0.20943951E+02  -0.51322323E+03
         983  -0.20943951E+02  -0.51374726E+03
         984  -0.20943951E+02  -0.51427130E+03
         985  -0.20943951E+02  -0.51479533E+03
         986  -0.20943951E+02  -0.51531936E+03
         987  -0.20943951E+02  -0.51584339E+03
         988  -0.20943951E+02  -0.51636742E+03
         989  -0.20943951E+02  -0.51689145E+03
         990  -0.20943951E+02  -0.51741548E+03
         991  -0.20943951E+02  -0.51793950E+03
         992  -0.20943951E+02  -0.51846353E+03
         993  -0.20943951E+02  -0.51898756E+03
         994  -0.20943951E+02  -0.51951158E+03
         995  -0.20943951E+02  -0.52003560E+03
         996  -0.20943951E+02  -0.52055963E+03
         997  -0.20943951E+02  -0.52108365E+03
         998  -0.20943951E+02  -0.52160767E+03
         999  -0.20943951E+02  -0.52213169E+03
        1000  -0.20943951E+02  -0.52265571E+03
        1001  -0.20943951E+02  -0.52317973E+03
        1002  -0.20943951E+02  -0.52370375E+03
        1003  -0.20943951E+02  -0.52422776E+03
        1004  -0.20943951E+02  -0.52475178E+03
        1005  -0.20943951E+02  -0.52527579E+03
        1006  -0.20943951E+02  -0.52579981E+03
        1007  -0.20943951E+02  -0.52632382E+03
        1008  -0.20943951E+02  -0.52684784E+03
        1009  -0.20943951E+02  -0.52737185E+03
        1010  -0.20943951E+02  -0.52789586E+03
        1011  -0.20943951E+02  -0.52841987E+03
        1012  -0.20943951E+02  -0.52894388E+03
        1013  -0.20943951E+02  -0.52946789E+03
        1014  -0.20943951E+02  -0.52999189E+03
        1015  -0.20943951E+02  -0.53051590E+03
        1016  -0.20943951E+02  -0.53103991E+03
        1017  -0.20943951E+02  -0.53156391E+03
        1018  -0.20943951E+02  -0.53208792E+03
        1019  -0.20943951E+02  -0.53261192E+03
        1020  -0.20943951E+02  -0.53313593E+03
        1021  -0.20943951E+02  -0.53365993E+03
        1022  -0.20943951E+02  -0.53418393E+03
        1023  -0.20943951E+02  -0.53470793E+03
        1024  -0.20943951E+02  -0.53523193E+03
        1025  -0.20943951E+02  -0.53575593E+03
        1026  -0.20943951E+02  -0.53627993E+03
        1027  -0.20943951E+02  -0.53680392E+03
        1028  -0.20943951E+02  -0.53732792E+03
        1029  -0.20943951E+02  -0.53785192E+03
        1030  -0.20943951E+02  -0.53837591E+03
        1031  -0.20943951E+02  -0.53889991E+03
        1032  -0.20943951E+02  -0.53942390E+03
        1033  -0.20943951E+02  -0.53994789E+03
        1034  -0.20943951E+02  -0.54047189E+03
        1035  -0.20943951E+02  -0.54099588E+03
        1036  -0.20943951E+02  -0.54151987E+03
        1037  -0.20943951E+02  -0.54204386E+03
        1038  -0.20943951E+02  -0.54256785E+03
        1039  -0.20943951E+02  -0.54309183E+03
        1040  -0.20943951E+02  -0.54361582E+03
        1041  -0.20943951E+02  -0.54413981E+03
        1042  -0.20943951E+02  -0.54466380E+03
        1043  -0.20943951E+02  -0.54518778E+03
        1044  -0.20943951E+02  -0.54571177E+03
        1045  -0.20943951E+02  -0.54623575E+03
        1046  -0.20943951E+02  -0.54675973E+03
        1047  -0.20943951E+02  -0.54728371E+03
        1048  -0.20943951E+02  -0.54780770E+03
        1049  -0.20943951E+02  -0.54833168E+03
        1050  -0.20943951E+02  -0.54885566E+03
        1051  -0.20943951E+02  -0.54937964E+03
        1052  -0.20943951E+02  -0.54990362E+03
        1053  -0.20943951E+02  -0.55042759E+03
        1054  -0.20943951E+02  -0.55095157E+03
        1055  -0.20943951E+02  -0.55147555E+03
        1056  -0.20943951E+02  -0.55199952E+03
        1057  -0.20943951E+02  -0.55252350E+03
        1058  -0.20943951E+02  -0.55304747E+03
        1059  -0.20943951E+02  -0.55357145E+03
        1060  -0.20943951E+02  -0.55409542E+03
        1061  -0.20943951E+02  -0.55461939E+03
        1062  -0.20943951E+02  -0.55514336E+03
        1063  -0.20943951E+02  -0.55566734E+03
        1064  -0.20943951E+02  -0.55619131E+03
        1065  -0.20943951E+02  -0.55671527E+03
        1066  -0.20943951E+02  -0.55723924E+03
        1067  -0.20943951E+02  -0.55776321E+03
        1068  -0.20943951E+02  -0.55828718E+03
        1069  -0.20943951E+02  -0.55881115E+03
        1070  -0.20943951E+02  -0.55933511E+03
        1071  -0.20943951E+02  -0.55985908E+03
        1072  -0.20943951E+02  -0.56038304E+03
        1073  -0.20943951E+02  -0.56090701E+03
        1074  -0.20943951E+02  -0.56143097E+03
        1075  -0.20943951E+02  -0.56195493E+03
        1076  -0.20943951E+02  -0.56247889E+03
        1077  -0.20943951E+02  -0.56300286E+03
        1078  -0.20943951E+02  -0.56352682E+03
        1079  -0.20943951E+02  -0.56405078E+03
        1080  -0.20943951E+02  -0.56457474E+03
        1081  -0.20943951E+02  -0.56509869E+03
        1082  -0.20943951E+02  -0.56562265E+03
        1083  -0.20943951E+02  -0.56614661E+03
        1084  -0.20943951E+02  -0.56667057E+03
        1085  -0.20943951E+02  -0.56719452E+03
        1086  -0.20943951E+02  -0.56771848E+03
        1087  -0.20943951E+02  -0.56824243E+03
        1088  -0.20943951E+02  -0.56876639E+03
        1089  -0.20943951E+02  -0.56929034E+03
        1090  -0.20943951E+02  -0.56981429E+03
        1091  -0.20943951E+02  -0.57033824E+03
        1092  -0.20943951E+02  -0.57086219E+03
        1093  -0.20943951E+02  -0.57138615E+03
        1094  -0.20943951E+02  -0.57191010E+03
        1095  -0.20943951E+02  -0.57243404E+03
        1096  -0.20943951E+02  -0.57295799E+03
        1097  -0.20943951E+02  -0.57348194E+03
        1098  -0.20943951E+02  -0.57400589E+03
        1099  -0.20943951E+02  -0.57452984E+03
        1100  -0.20943951E+02  -0.57505378E+03
        1101  -0.20943951E+02  -0.57557773E+03
        1102  -0.20943951E+02  -0.57610167E+03
        1103  -0.20943951E+02  -0.57662562E+03
        1104  -0.20943951E+02  -0.57714956E+03
        1105  -0.20943951E+02  -0.57767350E+03
        1106  -0.20943951E+02  -0.57819745E+03
        1107  -0.20943951E+02  -0.57872139E+03
        1108  -0.20943951E+02  -0.57924533E+03
        1109  -0.20943951E+02  -0.57976927E+03
        1110  -0.20943951E+02  -0.58029321E+03
        1111  -0.20943951E+02  -0.58081715E+03
        1112  -0.20943951E+02  -0.58134109E+03
        1113  -0.20943951E+02  -0.58186503E+03
        1114  -0.20943951E+02  -0.58238896E+03
        1115  -0.20943951E+02  -0.58291290E+03
        1116  -0.20943951E+02  -0.58343684E+03
        1117  -0.20943951E+02  -0.58396077E+03
        1118  -0.20943951E+02  -0.58448471E+03
        1119  -0.20943951E+02  -0.58500864E+03
        1120  -0.20943951E+02  -0.58553258E+03
        1121  -0.20943951E+02  -0.58605651E+03
        1122  -0.20943951E+02  -0.58658044E+03
        1123  -0.20943951E+02  -0.58710438E+03
        1124  -0.20943951E+02  -0.58762831E+03
        1125  -0.20943951E+02  -0.58815224E+03
        1126  -0.20943951E+02  -0.58867617E+03
        1127  -0.20943951E+02  -0.58920010E+03
        1128  -0.20943951E+02  -0.58972403E+03
        1129  -0.20943951E+02  -0.59024796E+03
        1130  -0.20943951E+02  -0.59077188E+03
        1131  -0.20943951E+02  -0.59129581E+03
        1132  -0.20943951E+02  -0.59181974E+03
        1133  -0.20943951E+02  -0.59234366E+03
        1134  -0.20943951E+02  -0.59286759E+03
        1135  -0.20943951E+02  -0.59339151E+03
        1136  -0.20943951E+02  -0.59391544E+03
        1137  -0.20943951E+02  -0.59443936E+03
        1138  -0.20943951E+02  -0.59496329E+03
        1139  -0.20943951E+02  -0.59548721E+03
        1140  -0.20943951E+02  -0.59601113E+03
        1141  -0.20943951E+02  -0.59653505E+03
        1142  -0.20943951E+02  -0.59705897E+03
        1143  -0.20943951E+02  -0.59758289E+03
        1144  -0.20943951E+02  -0.59810681E+03
        1145  -0.20943951E+02  -0.59863073E+03
        1146  -0.20943951E+02  -0.59915465E+03
        1147  -0.20943951E+02  -0.59967857E+03
        1148  -0.20943951E+02  -0.60020249E+03
        1149  -0.20943951E+02  -0.60072641E+03
        1150  -0.20943951E+02  -0.60125032E+03
        1151  -0.20943951E+02  -0.60177424E+03
        1152  -0.20943951E+02  -0.60229815E+03
        1153  -0.20943951E+02  -0.60282207E+03
        1154  -0.20943951E+02  -0.60334598E+03
        1155  -0.20943951E+02  -0.60386990E+03
        1156  -0.20943951E+02  -0.60439381E+03
        1157  -0.20943951E+02  -0.60491772E+03
        1158  -0.20943951E+02  -0.60544164E+03
        1159  -0.20943951E+02  -0.60596555E+03
        1160  -0.20943951E+02  -0.60648946E+03
        1161  -0.20943951E+02  -0.60701337E+03
        1162  -0.20943951E+02  -0.60753728E+03
        1163  -0.20943951E+02  -0.60806119E+03
        1164  -0.20943951E+02  -0.60858510E+03
        1165  -0.20943951E+02  -0.60910901E+03
        1166  -0.20943951E+02  -0.60963291E+03
        1167  -0.20943951E+02  -0.61015682E+03
        1168  -0.20943951E+02  -0.61068073E+03
        1169  -0.20943951E+02  -0.61120464E+03
        1170  -0.20943951E+02  -0.61172854E+03
        1171  -0.20943951E+02  -0.61225245E+03
        1172  -0.20943951E+02  -0.61277635E+03
        1173  -0.20943951E+02  -0.61330026E+03
        1174  -0.20943951E+02  -0.61382416E+03
        1175  -0.20943951E+02  -0.61434806E+03
        1176  -0.20943951E+02  -0.61487197E+03
        1177  -0.20943951E+02  -0.61539587E+03
        1178  -0.20943951E+02  -0.61591977E+03
        1179  -0.20943951E+02  -0.61644367E+03
        1180  -0.20943951E+02  -0.61696757E+03
        1181  -0.20943951E+02  -0.61749147E+03
        1182  -0.20943951E+02  -0.61801537E+03
        1183  -0.20943951E+02  -0.61853927E+03
        1184  -0.20943951E+02  -0.61906317E+03
        1185  -0.20943951E+02  -0.61958707E+03
        1186  -0.20943951E+02  -0.62011096E+03
        1187  -0.20943951E+02  -0.62063486E+03
        1188  -0.20943951E+02  -0.62115876E+03
        1189  -0.20943951E+02  -0.62168265E+03
        1190  -0.20943951E+02  -0.62220655E+03
        1191  -0.20943951E+02  -0.62273044E+03
        1192  -0.20943951E+02  -0.62325434E+03
        1193  -0.20943951E+02  -0.62377823E+03
        1194  -0.20943951E+02  -0.62430213E+03
        1195  -0.20943951E+02  -0.62482602E+03
        1196  -0.20943951E+02  -0.62534991E+03
        1197  -0.20943951E+02  -0.62587380E+03
        1198  -0.20943951E+02  -0.62639770E+03
        1199  -0.20943951E+02  -0.62692159E+03
        1200  -0.20943951E+02  -0.62744548E+03
        1201  -0.20943951E+02  -0.62796937E+03
        1202  -0.20943951E+02  -0.62849326E+03
        1203  -0.20943951E+02  -0.62901715E+03
        1204  -0.20943951E+02  -0.62954104E+03
        1205  -0.20943951E+02  -0.63006492E+03
        1206  -0.20943951E+02  -0.63058881E+03
        1207  -0.20943951E+02  -0.63111270E+03
        1208  -0.20943951E+02  -0.63163659E+03
        1209  -0.20943951E+02  -0.63216047E+03
        1210  -0.20943951E+02  -0.63268436E+03
        1211  -0.20943951E+02  -0.63320824E+03
        1212  -0.20943951E+02  -0.63373213E+03
        1213  -0.20943951E+02  -0.63425601E+03
        1214  -0.20943951E+02  -0.63477990E+03
        1215  -0.20943951E+02  -0.63530378E+03
        1216  -0.20943951E+02  -0.63582766E+03
        1217  -0.20943951E+02  -0.63635155E+03
        1218  -0.20943951E+02  -0.63687543E+03
        1219  -0.20943951E+02  -0.63739931E+03
        1220  -0.20943951E+02  -0.63792319E+03
        1221  -0.20943951E+02  -0.63844707E+03
        1222  -0.20943951E+02  -0.63897095E+03
        1223  -0.20943951E+02  -0.63949483E+03
        1224  -0.20943951E+02  -0.64001871E+03
        1225  -0.20943951E+02  -0.64054259E+03
        1226  -0.20943951E+02  -0.64106647E+03
        1227  -0.20943951E+02  -0.64159034E+03
        1228  -0.20943951E+02  -0.64211422E+03
        1229  -0.20943951E+02  -0.64263810E+03
        1230  -0.20943951E+02  -0.64316198E+03
        1231  -0.20943951E+02  -0.64368585E+03
        1232  -0.20943951E+02  -0.64420973E+03
        1233  -0.20943951E+02  -0.64473360E+03
        1234  -0.20943951E+02  -0.64525748E+03
        1235  -0.20943951E+02  -0.64578135E+03
        1236  -0.20943951E+02  -0.64630523E+03
        1237  -0.20943951E+02  -0.64682910E+03
        1238  -0.20943951E+02  -0.64735297E+03
        1239  -0.20943951E+02  -0.64787684E+03
        1240  -0.20943951E+02  -0.64840072E+03
        1241  -0.20943951E+02  -0.64892459E+03
        1242  -0.20943951E+02  -0.64944846E+03
        1243  -0.20943951E+02  -0.64997233E+03
        1244  -0.20943951E+02  -0.65049620E+03
        1245  -0.20943951E+02  -0.65102007E+03
        1246  -0.20943951E+02  -0.65154394E+03
        1247  -0.20943951E+02  -0.65206781E+03
        1248  -0.20943951E+02  -0.65259168E+03
        1249  -0.20943951E+02  -0.65311555E+03
        1250  -0.20943951E+02  -0.65363941E+03
        1251  -0.20943951E+02  -0.65416328E+03
        1252  -0.20943951E+02  -0.65468715E+03
        1253  -0.20943951E+02  -0.65521101E+03
        1254  -0.20943951E+02  -0.65573488E+03
        1255  -0.20943951E+02  -0.65625875E+03
        1256  -0.20943951E+02  -0.65678261E+03
        1257  -0.20943951E+02  -0.65730648E+03
        1258  -0.20943951E+02  -0.65783034E+03
        1259  -0.20943951E+02  -0.65835420E+03
        1260  -0.20943951E+02  -0.65887807E+03
        1261  -0.20943951E+02  -0.65940193E+03
        1262  -0.20943951E+02  -0.65992579E+03
        1263  -0.20943951E+02  -0.66044965E+03
        1264  -0.20943951E+02  -0.66097352E+03
        1265  -0.20943951E+02  -0.66149738E+03
        1266  -0.20943951E+02  -0.66202124E+03
        1267  -0.20943951E+02  -0.66254510E+03
        1268  -0.20943951E+02  -0.66306896E+03
        1269  -0.20943951E+02  -0.66359282E+03
        1270  -0.20943951E+02  -0.66411668E+03
        1271  -0.20943951E+02  -0.66464054E+03
        1272  -0.20943951E+02  -0.66516440E+03
        1273  -0.20943951E+02  -0.66568825E+03
        1274  -0.20943951E+02  -0.66621211E+03
        1275  -0.20943951E+02  -0.66673597E+03
        1276  -0.20943951E+02  -0.66725983E+03
        1277  -0.20943951E+02  -0.66778368E+03
        1278  -0.20943951E+02  -0.66830754E+03
        1279  -0.20943951E+02  -0.66883139E+03
        1280  -0.20943951E+02  -0.66935525E+03
        1281  -0.20943951E+02  -0.66987910E+03
        1282  -0.20943951E+02  -0.67040296E+03
        1283  -0.20943951E+02  -0.67092681E+03
        1284  -0.20943951E+02  -0.67145067E+03
        1285  -0.20943951E+02  -0.67197452E+03
        1286  -0.20943951E+02  -0.67249837E+03
        1287  -0.20943951E+02  -0.67302222E+03
        1288  -0.20943951E+02  -0.67354608E+03
        1289  -0.20943951E+02  -0.67406993E+03
        1290  -0.20943951E+02  -0.67459378E+03
        1291  -0.20943951E+02  -0.67511763E+03
        1292  -0.20943951E+02  -0.67564148E+03
        1293  -0.20943951E+02  -0.67616533E+03
        1294  -0.20943951E+02  -0.67668918E+03
        1295  -0.20943951E+02  -0.67721303E+03
        1296  -0.20943951E+02  -0.67773688E+03
        1297  -0.20943951E+02  -0.67826073E+03
        1298  -0.20943951E+02  -0.67878458E+03
        1299  -0.20943951E+02  -0.67930842E+03
        1300  -0.20943951E+02  -0.67983227E+03
        1301  -0.20943951E+02  -0.68035612E+03
        1302  -0.20943951E+02  -0.68087996E+03
        1303  -0.20943951E+02  -0.68140381E+03
        1304  -0.20943951E+02  -0.68192766E+03
        1305  -0.20943951E+02  -0.68245150E+03
        1306  -0.20943951E+02  -0.68297535E+03
        1307  -0.20943951E+02  -0.68349919E+03
        1308  -0.20943951E+02  -0.68402304E+03
        1309  -0.20943951E+02  -0.68454688E+03
        1310  -0.20943951E+02  -0.68507072E+03
        1311  -0.20943951E+02  -0.68559457E+03
        1312  -0.20943951E+02  -0.68611841E+03
        1313  -0.20943951E+02  -0.68664225E+03
        1314  -0.20943951E+02  -0.68716609E+03
        1315  -0.20943951E+02  -0.68768994E+03
        1316  -0.20943951E+02  -0.68821378E+03
        1317  -0.20943951E+02  -0.68873762E+03
        1318  -0.20943951E+02  -0.68926146E+03
        1319  -0.20943951E+02  -0.68978530E+03
        1320  -0.20943951E+02  -0.69030914E+03
        1321  -0.20943951E+02  -0.69083298E+03
        1322  -0.20943951E+02  -0.69135682E+03
        1323  -0.20943951E+02  -0.69188066E+03
        1324  -0.20943951E+02  -0.69240449E+03
        1325  -0.20943951E+02  -0.69292833E+03
        1326  -0.20943951E+02  -0.69345217E+03
        1327  -0.20943951E+02  -0.69397601E+03
        1328  -0.20943951E+02  -0.69449984E+03
        1329  -0.20943951E+02  -0.69502368E+03
        1330  -0.20943951E+02  -0.69554752E+03
        1331  -0.20943951E+02  -0.69607135E+03
        1332  -0.20943951E+02  -0.69659519E+03
        1333  -0.20943951E+02  -0.69711902E+03
        1334  -0.20943951E+02  -0.69764286E+03
        1335  -0.20943951E+02  -0.69816669E+03
        1336  -0.20943951E+02  -0.69869053E+03
        1337  -0.20943951E+02  -0.69921436E+03
        1338  -0.20943951E+02  -0.69973820E+03
        1339  -0.20943951E+02  -0.70026203E+03
        1340  -0.20943951E+02  -0.70078586E+03
        1341  -0.20943951E+02  -0.70130969E+03
        1342  -0.20943951E+02  -0.70183353E+03
        1343  -0.20943951E+02  -0.70235736E+03
        1344  -0.20943951E+02  -0.70288119E+03
        1345  -0.20943951E+02  -0.70340502E+03
        1346  -0.20943951E+02  -0.70392885E+03
        1347  -0.20943951E+02  -0.70445268E+03
        1348  -0.20943951E+02  -0.70497651E+03
        1349  -0.20943951E+02  -0.70550034E+03
        1350  -0.20943951E+02  -0.70602417E+03
        1351  -0.20943951E+02  -0.70654800E+03
        1352  -0.20943951E+02  -0.70707183E+03
        1353  -0.20943951E+02  -0.70759566E+03
        1354  -0.20943951E+02  -0.70811948E+03
        1355  -0.20943951E+02  -0.70864331E+03
        1356  -0.20943951E+02  -0.70916714E+03
        1357  -0.20943951E+02  -0.70969096E+03
        1358  -0.20943951E+02  -0.71021479E+03
        1359  -0.20943951E+02  -0.71073862E+03
        1360  -0.20943951E+02  -0.71126244E+03
        1361  -0.20943951E+02  -0.71178627E+03
        1362  -0.20943951E+02  -0.71231009E+03
        1363  -0.20943951E+02  -0.71283392E+03
        1364  -0.20943951E+02  -0.71335774E+03
        1365  -0.20943951E+02  -0.71388157E+03
        1366  -0.20943951E+02  -0.71440539E+03
        1367  -0.20943951E+02  -0.71492922E+03
        1368  -0.20943951E+02  -0.71545304E+03
        1369  -0.20943951E+02  -0.71597686E+03
        1370  -0.20943951E+02  -0.71650068E+03
        1371  -0.20943951E+02  -0.71702451E+03
        1372  -0.20943951E+02  -0.71754833E+03
        1373  -0.20943951E+02  -0.71807215E+03
        1374  -0.20943951E+02  -0.71859597E+03
        1375  -0.20943951E+02  -0.71911979E+03
        1376  -0.20943951E+02  -0.71964361E+03
        1377  -0.20943951E+02  -0.72016743E+03
        1378  -0.20943951E+02  -0.72069125E+03
        1379  -0.20943951E+02  -0.72121507E+03
        1380  -0.20943951E+02  -0.72173889E+03
        1381  -0.20943951E+02  -0.72226271E+03
        1382  -0.20943951E+02  -0.72278653E+03
        1383  -0.20943951E+02  -0.72331035E+03
        1384  -0.20943951E+02  -0.72383417E+03
        1385  -0.20943951E+02  -0.72435798E+03
        1386  -0.20943951E+02  -0.72488180E+03
        1387  -0.20943951E+02  -0.72540562E+03
        1388  -0.20943951E+02  -0.72592944E+03
        1389  -0.20943951E+02  -0.72645325E+03
        1390  -0.20943951E+02  -0.72697707E+03
        1391  -0.20943951E+02  -0.72750088E+03
        1392  -0.20943951E+02  -0.72802470E+03
        1393  -0.20943951E+02  -0.72854851E+03
        1394  -0.20943951E+02  -0.72907233E+03
        1395  -0.20943951E+02  -0.72959614E+03
        1396  -0.20943951E+02  -0.73011996E+03
        1397  -0.20943951E+02  -0.73064377E+03
        1398  -0.20943951E+02  -0.73116759E+03
        1399  -0.20943951E+02  -0.73169140E+03
        1400  -0.20943951E+02  -0.73221521E+03
        1401  -0.20943951E+02  -0.73273903E+03
        1402  -0.20943951E+02  -0.73326284E+03
        1403  -0.20943951E+02  -0.73378665E+03
        1404  -0.20943951E+02  -0.73431046E+03
        1405  -0.20943951E+02  -0.73483427E+03
        1406  -0.20943951E+02  -0.73535808E+03
        1407  -0.20943951E+02  -0.73588190E+03
        1408  -0.20943951E+02  -0.73640571E+03
        1409  -0.20943951E+02  -0.73692952E+03
        1410  -0.20943951E+02  -0.73745333E+03
        1411  -0.20943951E+02  -0.73797714E+03
        1412  -0.20943951E+02  -0.73850095E+03
        1413  -0.20943951E+02  -0.73902476E+03
        1414  -0.20943951E+02  -0.73954856E+03
        1415  -0.20943951E+02  -0.74007237E+03
        1416  -0.20943951E+02  -0.74059618E+03
        1417  -0.20943951E+02  -0.74111999E+03
        1418  -0.20943951E+02  -0.74164380E+03
        1419  -0.20943951E+02  -0.74216760E+03
        1420  -0.20943951E+02  -0.74269141E+03
        1421  -0.20943951E+02  -0.74321522E+03
        1422  -0.20943951E+02  -0.74373902E+03
        1423  -0.20943951E+02  -0.74426283E+03
        1424  -0.20943951E+02  -0.74478664E+03
        1425  -0.20943951E+02  -0.74531044E+03
        1426  -0.20943951E+02  -0.74583425E+03
        1427  -0.20943951E+02  -0.74635805E+03
        1428  -0.20943951E+02  -0.74688186E+03
        1429  -0.20943951E+02  -0.74740566E+03
        1430  -0.20943951E+02  -0.74792947E+03
        1431  -0.20943951E+02  -0.74845327E+03
        1432  -0.20943951E+02  -0.74897707E+03
        1433  -0.20943951E+02  -0.74950088E+03
        1434  -0.20943951E+02  -0.75002468E+03
        1435  -0.20943951E+02  -0.75054848E+03
        1436  -0.20943951E+02  -0.75107228E+03
        1437  -0.20943951E+02  -0.75159609E+03
        1438  -0.20943951E+02  -0.75211989E+03
        1439  -0.20943951E+02  -0.75264369E+03
        1440  -0.20943951E+02  -0.75316749E+03
        1441  -0.20943951E+02  -0.75369129E+03
        1442  -0.20943951E+02  -0.75421509E+03
        1443  -0.20943951E+02  -0.75473889E+03
        1444  -0.20943951E+02  -0.75526269E+03
        1445  -0.20943951E+02  -0.75578649E+03
        1446  -0.20943951E+02  -0.75631029E+03
        1447  -0.20943951E+02  -0.75683409E+03
        1448  -0.20943951E+02  -0.75735789E+03
        1449  -0.20943951E+02  -0.75788169E+03
        1450  -0.20943951E+02  -0.75840549E+03
        1451  -0.20943951E+02  -0.75892929E+03
        1452  -0.20943951E+02  -0.75945309E+03
        1453  -0.20943951E+02  -0.75997688E+03
        1454  -0.20943951E+02  -0.76050068E+03
        1455  -0.20943951E+02  -0.76102448E+03
        1456  -0.20943951E+02  -0.76154827E+03
        1457  -0.20943951E+02  -0.76207207E+03
        1458  -0.20943951E+02  -0.76259587E+03
        1459  -0.20943951E+02  -0.76311966E+03
        1460  -0.20943951E+02  -0.76364346E+03
        1461  -0.20943951E+02  -0.76416726E+03
        1462  -0.20943951E+02  -0.76469105E+03
        1463  -0.20943951E+02  -0.76521485E+03
        1464  -0.20943951E+02  -0.76573864E+03
        1465  -0.20943951E+02  -0.76626243E+03
        1466  -0.20943951E+02  -0.76678623E+03
        1467  -0.20943951E+02  -0.76731002E+03
        1468  -0.20943951E+02  -0.76783382E+03
        1469  -0.20943951E+02  -0.76835761E+03
        1470  -0.20943951E+02  -0.76888140E+03
        1471  -0.20943951E+02  -0.76940520E+03
        1472  -0.20943951E+02  -0.76992899E+03
        1473  -0.20943951E+02  -0.77045278E+03
        1474  -0.20943951E+02  -0.77097657E+03
        1475  -0.20943951E+02  -0.77150036E+03
        1476  -0.20943951E+02  -0.77202416E+03
        1477  -0.20943951E+02  -0.77254795E+03
        1478  -0.20943951E+02  -0.77307174E+03
        1479  -0.20943951E+02  -0.77359553E+03
        1480  -0.20943951E+02  -0.77411932E+03
        1481  -0.20943951E+02  -0.77464311E+03
        1482  -0.20943951E+02  -0.77516690E+03
        1483  -0.20943951E+02  -0.77569069E+03
        1484  -0.20943951E+02  -0.77621448E+03
        1485  -0.20943951E+02  -0.77673827E+03
        1486  -0.20943951E+02  -0.77726206E+03
        1487  -0.20943951E+02  -0.77778585E+03
        1488  -0.20943951E+02  -0.77830963E+03
        1489  -0.20943951E+02  -0.77883342E+03
        1490  -0.20943951E+02  -0.77935721E+03
        1491  -0.20943951E+02  -0.77988100E+03
        1492  -0.20943951E+02  -0.78040479E+03
        1493  -0.20943951E+02  -0.78092857E+03
        1494  -0.20943951E+02  -0.78145236E+03
        1495  -0.20943951E+02  -0.78197615E+03
        1496  -0.20943951E+02  -0.78249993E+03
        1497  -0.20943951E+02  -0.78302372E+03
        1498  -0.20943951E+02  -0.78354750E+03
        1499  -0.20943951E+02  -0.78407129E+03
        1500  -0.20943951E+02  -0.78459508E+03
        1501  -0.20943951E+02  -0.78511886E+03
        1502  -0.20943951E+02  -0.78564265E+03
        1503  -0.20943951E+02  -0.78616643E+03
        1504  -0.20943951E+02  -0.78669022E+03
        1505  -0.20943951E+02  -0.78721400E+03
        1506  -0.20943951E+02  -0.78773778E+03
        1507  -0.20943951E+02  -0.78826157E+03
        1508  -0.20943951E+02  -0.78878535E+03
        1509  -0.20943951E+02  -0.78930913E+03
        1510  -0.20943951E+02  -0.78983292E+03
        1511  -0.20943951E+02  -0.79035670E+03
        1512  -0.20943951E+02  -0.79088048E+03
        1513  -0.20943951E+02  -0.79140426E+03
        1514  -0.20943951E+02  -0.79192805E+03
        1515  -0.20943951E+02  -0.79245183E+03
        1516  -0.20943951E+02  -0.79297561E+03
        1517  -0.20943951E+02  -0.79349939E+03
        1518  -0.20943951E+02  -0.79402317E+03
        1519  -0.20943951E+02  -0.79454695E+03
        1520  -0.20943951E+02  -0.79507073E+03
        1521  -0.20943951E+02  -0.79559451E+03
        1522  -0.20943951E+02  -0.79611829E+03
        1523  -0.20943951E+02  -0.79664207E+03
        1524  -0.20943951E+02  -0.79716585E+03
        1525  -0.20943951E+02  -0.79768963E+03
        1526  -0.20943951E+02  -0.79821341E+03
        1527  -0.20943951E+02  -0.79873719E+03
        1528  -0.20943951E+02  -0.79926097E+03
        1529  -0.20943951E+02  -0.79978475E+03
        1530  -0.20943951E+02  -0.80030852E+03
        1531  -0.20943951E+02  -0.80083230E+03
        1532  -0.20943951E+02  -0.80135608E+03
        1533  -0.20943951E+02  -0.80187986E+03
        1534  -0.20943951E+02  -0.80240364E+03
        1535  -0.20943951E+02  -0.80292741E+03
        1536  -0.20943951E+02  -0.80345119E+03
        1537  -0.20943951E+02  -0.80397497E+03
        1538  -0.20943951E+02  -0.80449874E+03
        1539  -0.20943951E+02  -0.80502252E+03
        1540  -0.20943951E+02  -0.80554629E+03
        1541  -0.20943951E+02  -0.80607007E+03
        1542  -0.20943951E+02  -0.80659384E+03
        1543  -0.20943951E+02  -0.80711762E+03
        1544  -0.20943951E+02  -0.80764139E+03
        1545  -0.20943951E+02  -0.80816517E+03
        1546  -0.20943951E+02  -0.80868894E+03
        1547  -0.20943951E+02  -0.80921272E+03
        1548  -0.20943951E+02  -0.80973649E+03
        1549  -0.20943951E+02  -0.81026027E+03
        1550  -0.20943951E+02  -0.81078404E+03
        1551  -0.20943951E+02  -0.81130781E+03
        1552  -0.20943951E+02  -0.81183159E+03
        1553  -0.20943951E+02  -0.81235536E+03
        1554  -0.20943951E+02  -0.81287913E+03
        1555  -0.20943951E+02  -0.81340290E+03
        1556  -0.20943951E+02  -0.81392668E+03
        1557  -0.20943951E+02  -0.81445045E+03
        1558  -0.20943951E+02  -0.81497422E+03
        1559  -0.20943951E+02  -0.81549799E+03
        1560  -0.20943951E+02  -0.81602176E+03
        1561  -0.20943951E+02  -0.81654553E+03
        1562  -0.20943951E+02  -0.81706930E+03
        1563  -0.20943951E+02  -0.81759308E+03
        1564  -0.20943951E+02  -0.81811685E+03
        1565  -0.20943951E+02  -0.81864062E+03
        1566  -0.20943951E+02  -0.81916439E+03
        1567  -0.20943951E+02  -0.81968816E+03
        1568  -0.20943951E+02  -0.82021193E+03
        1569  -0.20943951E+02  -0.82073569E+03
        1570  -0.20943951E+02  -0.82125946E+03
        1571  -0.20943951E+02  -0.82178323E+03
        1572  -0.20943951E+02  -0.82230700E+03
        1573  -0.20943951E+02  -0.82283077E+03
        1574  -0.20943951E+02  -0.82335454E+03
        1575  -0.20943951E+02  -0.82387831E+03
        1576  -0.20943951E+02  -0.82440207E+03
        1577  -0.20943951E+02  -0.82492584E+03
        1578  -0.20943951E+02  -0.82544961E+03
        1579  -0.20943951E+02  -0.82597338E+03
        1580  -0.20943951E+02  -0.82649714E+03
        1581  -0.20943951E+02  -0.82702091E+03
        1582  -0.20943951E+02  -0.82754468E+03
        1583  -0.20943951E+02  -0.82806844E+03
        1584  -0.20943951E+02  -0.82859221E+03
        1585  -0.20943951E+02  -0.82911597E+03
        1586  -0.20943951E+02  -0.82963974E+03
        1587  -0.20943951E+02  -0.83016351E+03
        1588  -0.20943951E+02  -0.83068727E+03
        1589  -0.20943951E+02  -0.83121104E+03
        1590  -0.20943951E+02  -0.83173480E+03
        1591  -0.20943951E+02  -0.83225857E+03
        1592  -0.20943951E+02  -0.83278233E+03
        1593  -0.20943951E+02  -0.83330609E+03
        1594  -0.20943951E+02  -0.83382986E+03
        1595  -0.20943951E+02  -0.83435362E+03
        1596  -0.20943951E+02  -0.83487739E+03
        1597  -0.20943951E+02  -0.83540115E+03
        1598  -0.20943951E+02  -0.83592491E+03
        1599  -0.20943951E+02  -0.83644868E+03
        1600  -0.20943951E+02  -0.83697244E+03
        1601  -0.20943951E+02  -0.83749620E+03
        1602  -0.20943951E+02  -0.83801996E+03
        1603  -0.20943951E+02  -0.83854373E+03
        1604  -0.20943951E+02  -0.83906749E+03
        1605  -0.20943951E+02  -0.83959125E+03
        1606  -0.20943951E+02  -0.84011501E+03
        1607  -0.20943951E+02  -0.84063877E+03
        1608  -0.20943951E+02  -0.84116253E+03
        1609  -0.20943951E+02  -0.84168629E+03
        1610  -0.20943951E+02  -0.84221005E+03
        1611  -0.20943951E+02  -0.84273382E+03
        1612  -0.20943951E+02  -0.84325758E+03
        1613  -0.20943951E+02  -0.84378134E+03
        1614  -0.20943951E+02  -0.84430510E+03
        1615  -0.20943951E+02  -0.84482886E+03
        1616  -0.20943951E+02  -0.84535261E+03
        1617  -0.20943951E+02  -0.84587637E+03
        1618  -0.20943951E+02  -0.84640013E+03
        1619  -0.20943951E+02  -0.84692389E+03
        1620  -0.20943951E+02  -0.84744765E+03
        1621  -0.20943951E+02  -0.84797141E+03
        1622  -0.20943951E+02  -0.84849517E+03
        1623  -0.20943951E+02  -0.84901893E+03
        1624  -0.20943951E+02  -0.84954268E+03
        1625  -0.20943951E+02  -0.85006644E+03
        1626  -0.20943951E+02  -0.85059020E+03
        1627  -0.20943951E+02  -0.85111396E+03
        1628  -0.20943951E+02  -0.85163771E+03
        1629  -0.20943951E+02  -0.85216147E+03
        1630  -0.20943951E+02  -0.85268523E+03
        1631  -0.20943951E+02  -0.85320898E+03
        1632  -0.20943951E+02  -0.85373274E+03
        1633  -0.20943951E+02  -0.85425650E+03
        1634  -0.20943951E+02  -0.85478025E+03
        1635  -0.20943951E+02  -0.85530401E+03
        1636  -0.20943951E+02  -0.85582776E+03
        1637  -0.20943951E+02  -0.85635152E+03
        1638  -0.20943951E+02  -0.85687528E+03
        1639  -0.20943951E+02  -0.85739903E+03
        1640  -0.20943951E+02  -0.85792279E+03
        1641  -0.20943951E+02  -0.85844654E+03
        1642  -0.20943951E+02  -0.85897029E+03
        1643  -0.20943951E+02  -0.85949405E+03
        1644  -0.20943951E+02  -0.86001780E+03
        1645  -0.20943951E+02  -0.86054156E+03
        1646  -0.20943951E+02  -0.86106531E+03
        1647  -0.20943951E+02  -0.86158906E+03
        1648  -0.20943951E+02  -0.86211282E+03
        1649  -0.20943951E+02  -0.86263657E+03
        1650  -0.20943951E+02  -0.86316032E+03
        1651  -0.20943951E+02  -0.86368408E+03
        1652  -0.20943951E+02  -0.86420783E+03
        1653  -0.20943951E+02  -0.86473158E+03
        1654  -0.20943951E+02  -0.86525533E+03
        1655  -0.20943951E+02  -0.86577909E+03
        1656  -0.20943951E+02  -0.86630284E+03
        1657  -0.20943951E+02  -0.86682659E+03
        1658  -0.20943951E+02  -0.86735034E+03
        1659  -0.20943951E+02  -0.86787409E+03
        1660  -0.20943951E+02  -0.86839784E+03
        1661  -0.20943951E+02  -0.86892159E+03
        1662  -0.20943951E+02  -0.86944534E+03
        1663  -0.20943951E+02  -0.86996910E+03
        1664  -0.20943951E+02  -0.87049285E+03
        1665  -0.20943951E+02  -0.87101660E+03
        1666  -0.20943951E+02  -0.87154035E+03
        1667  -0.20943951E+02  -0.87206410E+03
        1668  -0.20943951E+02  -0.87258785E+03
        1669  -0.20943951E+02  -0.87311160E+03
        1670  -0.20943951E+02  -0.87363534E+03
        1671  -0.20943951E+02  -0.87415909E+03
        1672  -0.20943951E+02  -0.87468284E+03
        1673  -0.20943951E+02  -0.87520659E+03
        1674  -0.20943951E+02  -0.87573034E+03
        1675  -0.20943951E+02  -0.87625409E+03
        1676  -0.20943951E+02  -0.87677784E+03
        1677  -0.20943951E+02  -0.87730158E+03
        1678  -0.20943951E+02  -0.87782533E+03
        1679  -0.20943951E+02  -0.87834908E+03
        1680  -0.20943951E+02  -0.87887283E+03
        1681  -0.20943951E+02  -0.87939657E+03
        1682  -0.20943951E+02  -0.87992032E+03
        1683  -0.20943951E+02  -0.88044407E+03
        1684  -0.20943951E+02  -0.88096782E+03
        1685  -0.20943951E+02  -0.88149156E+03
        1686  -0.20943951E+02  -0.88201531E+03
        1687  -0.20943951E+02  -0.88253906E+03
        1688  -0.20943951E+02  -0.88306280E+03
        1689  -0.20943951E+02  -0.88358655E+03
        1690  -0.20943951E+02  -0.88411029E+03
        1691  -0.20943951E+02  -0.88463404E+03
        1692  -0.20943951E+02  -0.88515778E+03
        1693  -0.20943951E+02  -0.88568153E+03
        1694  -0.20943951E+02  -0.88620527E+03
        1695  -0.20943951E+02  -0.88672902E+03
        1696  -0.20943951E+02  -0.88725276E+03
        1697  -0.20943951E+02  -0.88777651E+03
        1698  -0.20943951E+02  -0.88830025E+03
        1699  -0.20943951E+02  -0.88882400E+03
        1700  -0.20943951E+02  -0.88934774E+03
        1701  -0.20943951E+02  -0.88987148E+03
        1702  -0.20943951E+02  -0.89039523E+03
        1703  -0.20943951E+02  -0.89091897E+03
        1704  -0.20943951E+02  -0.89144272E+03
        1705  -0.20943951E+02  -0.89196646E+03
        1706  -0.20943951E+02  -0.89249020E+03
        1707  -0.20943951E+02  -0.89301394E+03
        1708  -0.20943951E+02  -0.89353769E+03
        1709  -0.20943951E+02  -0.89406143E+03
        1710  -0.20943951E+02  -0.89458517E+03
        1711  -0.20943951E+02  -0.89510891E+03
        1712  -0.20943951E+02  -0.89563266E+03
        1713  -0.20943951E+02  -0.89615640E+03
        1714  -0.20943951E+02  -0.89668014E+03
        1715  -0.20943951E+02  -0.89720388E+03
        1716  -0.20943951E+02  -0.89772762E+03
        1717  -0.20943951E+02  -0.89825136E+03
        1718  -0.20943951E+02  -0.89877510E+03
        1719  -0.20943951E+02  -0.89929885E+03
        1720  -0.20943951E+02  -0.89982259E+03
        1721  -0.20943951E+02  -0.90034633E+03
        1722  -0.20943951E+02  -0.90087007E+03
        1723  -0.20943951E+02  -0.90139381E+03
        1724  -0.20943951E+02  -0.90191755E+03
        1725  -0.20943951E+02  -0.90244129E+03
        1726  -0.20943951E+02  -0.90296503E+03
        1727  -0.20943951E+02  -0.90348877E+03
        1728  -0.20943951E+02  -0.90401251E+03
        1729  -0.20943951E+02  -0.90453624E+03
        1730  -0.20943951E+02  -0.90505998E+03
        1731  -0.20943951E+02  -0.90558372E+03
        1732  -0.20943951E+02  -0.90610746E+03
        1733  -0.20943951E+02  -0.90663120E+03
        1734  -0.20943951E+02  -0.90715494E+03
        1735  -0.20943951E+02  -0.90767868E+03
        1736  -0.20943951E+02  -0.90820241E+03
        1737  -0.20943951E+02  -0.90872615E+03
        1738  -0.20943951E+02  -0.90924989E+03
        1739  -0.20943951E+02  -0.90977363E+03
        1740  -0.20943951E+02  -0.91029737E+03
        1741  -0.20943951E+02  -0.91082110E+03
        1742  -0.20943951E+02  -0.91134484E+03
        1743  -0.20943951E+02  -0.91186858E+03
        1744  -0.20943951E+02  -0.91239231E+03
        1745  -0.20943951E+02  -0.91291605E+03
        1746  -0.20943951E+02  -0.91343979E+03
        1747  -0.20943951E+02  -0.91396352E+03
        1748  -0.20943951E+02  -0.91448726E+03
        1749  -0.20943951E+02  -0.91501100E+03
        1750  -0.20943951E+02  -0.91553473E+03
        1751  -0.20943951E+02  -0.91605847E+03
        1752  -0.20943951E+02  -0.91658220E+03
        1753  -0.20943951E+02  -0.91710594E+03
        1754  -0.20943951E+02  -0.91762967E+03
        1755  -0.20943951E+02  -0.91815341E+03
        1756  -0.20943951E+02  -0.91867714E+03
        1757  -0.20943951E+02  -0.91920088E+03
        1758  -0.20943951E+02  -0.91972461E+03
        1759  -0.20943951E+02  -0.92024835E+03
        1760  -0.20943951E+02  -0.92077208E+03
        1761  -0.20943951E+02  -0.92129581E+03
        1762  -0.20943951E+02  -0.92181955E+03
        1763  -0.20943951E+02  -0.92234328E+03
        1764  -0.20943951E+02  -0.92286702E+03
        1765  -0.20943951E+02  -0.92339075E+03
        1766  -0.20943951E+02  -0.92391448E+03
        1767  -0.20943951E+02  -0.92443822E+03
        1768  -0.20943951E+02  -0.92496195E+03
        1769  -0.20943951E+02  -0.92548568E+03
        1770  -0.20943951E+02  -0.92600942E+03
        1771  -0.20943951E+02  -0.92653315E+03
        1772  -0.20943951E+02  -0.92705688E+03
        1773  -0.20943951E+02  -0.92758061E+03
        1774  -0.20943951E+02  -0.92810434E+03
        1775  -0.20943951E+02  -0.92862808E+03
        1776  -0.20943951E+02  -0.92915181E+03
        1777  -0.20943951E+02  -0.92967554E+03
        1778  -0.20943951E+02  -0.93019927E+03
        1779  -0.20943951E+02  -0.93072300E+03
        1780  -0.20943951E+02  -0.93124673E+03
        1781  -0.20943951E+02  -0.93177047E+03
        1782  -0.20943951E+02  -0.93229420E+03
        1783  -0.20943951E+02  -0.93281793E+03
        1784  -0.20943951E+02  -0.93334166E+03
        1785  -0.20943951E+02  -0.93386539E+03
        1786  -0.20943951E+02  -0.93438912E+03
        1787  -0.20943951E+02  -0.93491285E+03
        1788  -0.20943951E+02  -0.93543658E+03
        1789  -0.20943951E+02  -0.93596031E+03
        1790  -0.20943951E+02  -0.93648404E+03
        1791  -0.20943951E+02  -0.93700777E+03
        1792  -0.20943951E+02  -0.93753150E+03
        1793  -0.20943951E+02  -0.93805523E+03
        1794  -0.20943951E+02  -0.93857896E+03
        1795  -0.20943951E+02  -0.93910269E+03
        1796  -0.20943951E+02  -0.93962641E+03
        1797  -0.20943951E+02  -0.94015014E+03
        1798  -0.20943951E+02  -0.94067387E+03
        1799  -0.20943951E+02  -0.94119760E+03
        1800  -0.20943951E+02  -0.94172133E+03
        1801  -0.20943951E+02  -0.94224506E+03
        1802  -0.20943951E+02  -0.94276878E+03
        1803  -0.20943951E+02  -0.94329251E+03
        1804  -0.20943951E+02  -0.94381624E+03
        1805  -0.20943951E+02  -0.94433997E+03
        1806  -0.20943951E+02  -0.94486370E+03
        1807  -0.20943951E+02  -0.94538742E+03
        1808  -0.20943951E+02  -0.94591115E+03
        1809  -0.20943951E+02  -0.94643488E+03
        1810  -0.20943951E+02  -0.94695860E+03
        1811  -0.20943951E+02  -0.94748233E+03
        1812  -0.20943951E+02  -0.94800606E+03
        1813  -0.20943951E+02  -0.94852978E+03
        1814  -0.20943951E+02  -0.94905351E+03
        1815  -0.20943951E+02  -0.94957724E+03
        1816  -0.20943951E+02  -0.95010096E+03
        1817  -0.20943951E+02  -0.95062469E+03
        1818  -0.20943951E+02  -0.95114841E+03
        1819  -0.20943951E+02  -0.95167214E+03
        1820  -0.20943951E+02  -0.95219587E+03
        1821  -0.20943951E+02  -0.95271959E+03
        1822  -0.20943951E+02  -0.95324332E+03
        1823  -0.20943951E+02  -0.95376704E+03
        1824  -0.20943951E+02  -0.95429077E+03
        1825  -0.20943951E+02  -0.95481449E+03
        1826  -0.20943951E+02  -0.95533822E+03
        1827  -0.20943951E+02  -0.95586194E+03
        1828  -0.20943951E+02  -0.95638566E+03
        1829  -0.20943951E+02  -0.95690939E+03
        1830  -0.20943951E+02  -0.95743311E+03
        1831  -0.20943951E+02  -0.95795684E+03
        1832  -0.20943951E+02  -0.95848056E+03
        1833  -0.20943951E+02  -0.95900428E+03
        1834  -0.20943951E+02  -0.95952801E+03
        1835  -0.20943951E+02  -0.96005173E+03
        1836  -0.20943951E+02  -0.96057545E+03
        1837  -0.20943951E+02  -0.96109918E+03
        1838  -0.20943951E+02  -0.96162290E+03
        1839  -0.20943951E+02  -0.96214662E+03
        1840  -0.20943951E+02  -0.96267035E+03
        1841  -0.20943951E+02  -0.96319407E+03
        1842  -0.20943951E+02  -0.96371779E+03
        1843  -0.20943951E+02  -0.96424151E+03
        1844  -0.20943951E+02  -0.96476524E+03
        1845  -0.20943951E+02  -0.96528896E+03
        1846  -0.20943951E+02  -0.96581268E+03
        1847  -0.20943951E+02  -0.96633640E+03
        1848  -0.20943951E+02  -0.96686012E+03
        1849  -0.20943951E+02  -0.96738384E+03
        1850  -0.20943951E+02  -0.96790757E+03
        1851  -0.20943951E+02  -0.96843129E+03
        1852  -0.20943951E+02  -0.96895501E+03
        1853  -0.20943951E+02  -0.96947873E+03
        1854  -0.20943951E+02  -0.97000245E+03
        1855  -0.20943951E+02  -0.97052617E+03
        1856  -0.20943951E+02  -0.97104989E+03
        1857  -0.20943951E+02  -0.97157361E+03
        1858  -0.20943951E+02  -0.97209733E+03
        1859  -0.20943951E+02  -0.97262105E+03
        1860  -0.20943951E+02  -0.97314477E+03
        1861  -0.20943951E+02  -0.97366849E+03
        1862  -0.20943951E+02  -0.97419221E+03
        1863  -0.20943951E+02  -0.97471593E+03
        1864  -0.20943951E+02  -0.97523965E+03
        1865  -0.20943951E+02  -0.97576337E+03
        1866  -0.20943951E+02  -0.97628709E+03
        1867  -0.20943951E+02  -0.97681081E+03
        1868  -0.20943951E+02  -0.97733453E+03
        1869  -0.20943951E+02  -0.97785825E+03
        1870  -0.20943951E+02  -0.97838197E+03
        1871  -0.20943951E+02  -0.97890569E+03
        1872  -0.20943951E+02  -0.97942940E+03
        1873  -0.20943951E+02  -0.97995312E+03
        1874  -0.20943951E+02  -0.98047684E+03
        1875  -0.20943951E+02  -0.98100056E+03
        1876  -0.20943951E+02  -0.98152428E+03
        1877  -0.20943951E+02  -0.98204799E+03
        1878  -0.20943951E+02  -0.98257171E+03
        1879  -0.20943951E+02  -0.98309543E+03
        1880  -0.20943951E+02  -0.98361915E+03
        1881  -0.20943951E+02  -0.98414286E+03
        1882  -0.20943951E+02  -0.98466658E+03
        1883  -0.20943951E+02  -0.98519030E+03
        1884  -0.20943951E+02  -0.98571402E+03
        1885  -0.20943951E+02  -0.98623773E+03
        1886  -0.20943951E+02  -0.98676145E+03
        1887  -0.20943951E+02  -0.98728517E+03
        1888  -0.20943951E+02  -0.98780888E+03
        1889  -0.20943951E+02  -0.98833260E+03
        1890  -0.20943951E+02  -0.98885632E+03
        1891  -0.20943951E+02  -0.98938003E+03
        1892  -0.20943951E+02  -0.98990375E+03
        1893  -0.20943951E+02  -0.99042746E+03
        1894  -0.20943951E+02  -0.99095118E+03
        1895  -0.20943951E+02  -0.99147490E+03
        1896  -0.20943951E+02  -0.99199861E+03
        1897  -0.20943951E+02  -0.99252233E+03
        1898  -0.20943951E+02  -0.99304604E+03
        1899  -0.20943951E+02  -0.99356976E+03
        1900  -0.20943951E+02  -0.99409347E+03
        1901  -0.20943951E+02  -0.99461719E+03
        1902  -0.20943951E+02  -0.99514090E+03
        1903  -0.20943951E+02  -0.99566462E+03
        1904  -0.20943951E+02  -0.99618833E+03
        1905  -0.20943951E+02  -0.99671204E+03
        1906  -0.20943951E+02  -0.99723576E+03
        1907  -0.20943951E+02  -0.99775947E+03
        1908  -0.20943951E+02  -0.99828319E+03
        1909  -0.20943951E+02  -0.99880690E+03
        1910  -0.20943951E+02  -0.99933062E+03
        1911  -0.20943951E+02  -0.99985433E+03
        1912  -0.20943951E+02  -0.10003780E+04
        1913  -0.20943951E+02  -0.10009018E+04
        1914  -0.20943951E+02  -0.10014255E+04
        1915  -0.20943951E+02  -0.10019492E+04
        1916  -0.20943951E+02  -0.10024729E+04
        1917  -0.20943951E+02  -0.10029966E+04
        1918  -0.20943951E+02  -0.10035203E+04
        1919  -0.20943951E+02  -0.10040440E+04
        1920  -0.20943951E+02  -0.10045677E+04
        1921  -0.20943951E+02  -0.10050915E+04
        1922  -0.20943951E+02  -0.10056152E+04
        1923  -0.20943951E+02  -0.10061389E+04
        1924  -0.20943951E+02  -0.10066626E+04
        1925  -0.20943951E+02  -0.10071863E+04
        1926  -0.20943951E+02  -0.10077100E+04
        1927  -0.20943951E+02  -0.10082337E+04
        1928  -0.20943951E+02  -0.10087574E+04
        1929  -0.20943951E+02  -0.10092812E+04
        1930  -0.20943951E+02  -0.10098049E+04
        1931  -0.20943951E+02  -0.10103286E+04
        1932  -0.20943951E+02  -0.10108523E+04
        1933  -0.20943951E+02  -0.10113760E+04
        1934  -0.20943951E+02  -0.10118997E+04
        1935  -0.20943951E+02  -0.10124234E+04
        1936  -0.20943951E+02  -0.10129471E+04
        1937  -0.20943951E+02  -0.10134708E+04
        1938  -0.20943951E+02  -0.10139946E+04
        1939  -0.20943951E+02  -0.10145183E+04
        1940  -0.20943951E+02  -0.10150420E+04
        1941  -0.20943951E+02  -0.10155657E+04
        1942  -0.20943951E+02  -0.10160894E+04
        1943  -0.20943951E+02  -0.10166131E+04
        1944  -0.20943951E+02  -0.10171368E+04
        1945  -0.20943951E+02  -0.10176605E+04
        1946  -0.20943951E+02  -0.10181842E+04
        1947  -0.20943951E+02  -0.10187079E+04
        1948  -0.20943951E+02  -0.10192317E+04
        1949  -0.20943951E+02  -0.10197554E+04
        1950  -0.20943951E+02  -0.10202791E+04
        1951  -0.20943951E+02  -0.10208028E+04
        1952  -0.20943951E+02  -0.10213265E+04
        1953  -0.20943951E+02  -0.10218502E+04
        1954  -0.20943951E+02  -0.10223739E+04
        1955  -0.20943951E+02  -0.10228976E+04
        1956  -0.20943951E+02  -0.10234213E+04
        1957  -0.20943951E+02  -0.10239450E+04
        1958  -0.20943951E+02  -0.10244687E+04
        1959  -0.20943951E+02  -0.10249924E+04
        1960  -0.20943951E+02  -0.10255162E+04
        1961  -0.20943951E+02  -0.10260399E+04
        1962  -0.20943951E+02  -0.10265636E+04
        1963  -0.20943951E+02  -0.10270873E+04
        1964  -0.20943951E+02  -0.10276110E+04
        1965  -0.20943951E+02  -0.10281347E+04
        1966  -0.20943951E+02  -0.10286584E+04
        1967  -0.20943951E+02  -0.10291821E+04
        1968  -0.20943951E+02  -0.10297058E+04
        1969  -0.20943951E+02  -0.10302295E+04
        1970  -0.20943951E+02  -0.10307532E+04
        1971  -0.20943951E+02  -0.10312769E+04
        1972  -0.20943951E+02  -0.10318006E+04
        1973  -0.20943951E+02  -0.10323244E+04
        1974  -0.20943951E+02  -0.10328481E+04
        1975  -0.20943951E+02  -0.10333718E+04
        1976  -0.20943951E+02  -0.10338955E+04
        1977  -0.20943951E+02  -0.10344192E+04
        1978  -0.20943951E+02  -0.10349429E+04
        1979  -0.20943951E+02  -0.10354666E+04
        1980  -0.20943951E+02  -0.10359903E+04
        1981  -0.20943951E+02  -0.10365140E+04
        1982  -0.20943951E+02  -0.10370377E+04
        1983  -0.20943951E+02  -0.10375614E+04
        1984  -0.20943951E+02  -0.10380851E+04
        1985  -0.20943951E+02  -0.10386088E+04
        1986  -0.20943951E+02  -0.10391325E+04
        1987  -0.20943951E+02  -0.10396562E+04
        1988  -0.20943951E+02  -0.10401799E+04
        1989  -0.20943951E+02  -0.10407036E+04
        1990  -0.20943951E+02  -0.10412273E+04
        1991  -0.20943951E+02  -0.10417511E+04
        1992  -0.20943951E+02  -0.10422748E+04
        1993  -0.20943951E+02  -0.10427985E+04
        1994  -0.20943951E+02  -0.10433222E+04
        1995  -0.20943951E+02  -0.10438459E+04
        1996  -0.20943951E+02  -0.10443696E+04
        1997  -0.20943951E+02  -0.10448933E+04
        1998  -0.20943951E+02  -0.10454170E+04
        1999  -0.20943951E+02  -0.10459407E+04
        2000  -0.20943951E+02  -0.10464644E+04
        2001  -0.20943951E+02  -0.10469881E+04
        2002  -0.20943951E+02  -0.10475118E+04
        2003  -0.20943951E+02  -0.10480355E+04
        2004  -0.20943951E+02  -0.10485592E+04
        2005  -0.20943951E+02  -0.10490829E+04
        2006  -0.20943951E+02  -0.10496066E+04
        2007  -0.20943951E+02  -0.10501303E+04
        2008  -0.20943951E+02  -0.10506540E+04
        2009  -0.20943951E+02  -0.10511777E+04
        2010  -0.20943951E+02  -0.10517014E+04
        2011  -0.20943951E+02  -0.10522251E+04
        2012  -0.20943951E+02  -0.10527488E+04
        2013  -0.20943951E+02  -0.10532725E+04
        2014  -0.20943951E+02  -0.10537962E+04
        2015  -0.20943951E+02  -0.10543199E+04
        2016  -0.20943951E+02  -0.10548436E+04
        2017  -0.20943951E+02  -0.10553673E+04
        2018  -0.20943951E+02  -0.10558910E+04
        2019  -0.20943951E+02  -0.10564147E+04
        2020  -0.20943951E+02  -0.10569384E+04
        2021  -0.20943951E+02  -0.10574621E+04
        2022  -0.20943951E+02  -0.10579858E+04
        2023  -0.20943951E+02  -0.10585095E+04
        2024  -0.20943951E+02  -0.10590332E+04
        2025  -0.20943951E+02  -0.10595569E+04
        2026  -0.20943951E+02  -0.10600806E+04
        2027  -0.20943951E+02  -0.10606043E+04
        2028  -0.20943951E+02  -0.10611280E+04
        2029  -0.20943951E+02  -0.10616517E+04
        2030  -0.20943951E+02  -0.10621754E+04
        2031  -0.20943951E+02  -0.10626992E+04
        2032  -0.20943951E+02  -0.10632229E+04
        2033  -0.20943951E+02  -0.10637466E+04
        2034  -0.20943951E+02  -0.10642703E+04
        2035  -0.20943951E+02  -0.10647940E+04
        2036  -0.20943951E+02  -0.10653177E+04
        2037  -0.20943951E+02  -0.10658414E+04
        2038  -0.20943951E+02  -0.10663651E+04
        2039  -0.20943951E+02  -0.10668888E+04
        2040  -0.20943951E+02  -0.10674125E+04
        2041  -0.20943951E+02  -0.10679361E+04
        2042  -0.20943951E+02  -0.10684598E+04
        2043  -0.20943951E+02  -0.10689835E+04
        2044  -0.20943951E+02  -0.10695072E+04
        2045  -0.20943951E+02  -0.10700309E+04
        2046  -0.20943951E+02  -0.10705546E+04
        2047  -0.20943951E+02  -0.10710783E+04
        2048  -0.20943951E+02  -0.10716020E+04
