  0.000000000000000E+000
  2.343750000000000E-002
  4.687500000000000E-002
  7.031250000000000E-002
  9.375000000000000E-002
  0.117187500000000     
  0.140625000000000     
  0.164062500000000     
  0.187500000000000     
  0.210937500000000     
  0.234375000000000     
  0.257812500000000     
  0.281250000000000     
  0.304687500000000     
  0.328125000000000     
  0.351562500000000     
  0.375000000000000     
  0.398437500000000     
  0.421875000000000     
  0.445312500000000     
  0.468750000000000     
  0.492187500000000     
  0.515625000000000     
  0.539062500000000     
  0.562500000000000     
  0.585937500000000     
  0.609375000000000     
  0.632812500000000     
  0.656250000000000     
  0.679687500000000     
  0.703125000000000     
  0.726562500000000     
  0.750000000000000     
  0.773437500000000     
  0.796875000000000     
  0.820312500000000     
  0.843750000000000     
  0.867187500000000     
  0.890625000000000     
  0.914062500000000     
  0.937500000000000     
  0.960937500000000     
  0.984375000000000     
   1.00781250000000     
   1.03125000000000     
   1.05468750000000     
   1.07812500000000     
   1.10156250000000     
   1.12500000000000     
   1.14843750000000     
   1.17187500000000     
   1.19531250000000     
   1.21875000000000     
   1.24218750000000     
   1.26562500000000     
   1.28906250000000     
   1.31250000000000     
   1.33593750000000     
   1.35937500000000     
   1.38281250000000     
   1.40625000000000     
   1.42968750000000     
   1.45312500000000     
   1.47656250000000     
   1.50000000000000     
   1.52343750000000     
   1.54687500000000     
   1.57031250000000     
   1.59375000000000     
   1.61718750000000     
   1.64062500000000     
   1.66406250000000     
   1.68750000000000     
   1.71093750000000     
   1.73437500000000     
   1.75781250000000     
   1.78125000000000     
   1.80468750000000     
   1.82812500000000     
   1.85156250000000     
   1.87500000000000     
   1.89843750000000     
   1.92187500000000     
   1.94531250000000     
   1.96875000000000     
   1.99218750000000     
   2.01562500000000     
   2.03906250000000     
   2.06250000000000     
   2.08593750000000     
   2.10937500000000     
   2.13281250000000     
   2.15625000000000     
   2.17968750000000     
   2.20312500000000     
   2.22656250000000     
   2.25000000000000     
   2.27343750000000     
   2.29687500000000     
   2.32031250000000     
   2.34375000000000     
   2.36718750000000     
   2.39062500000000     
   2.41406250000000     
   2.43750000000000     
   2.46093750000000     
   2.48437500000000     
   2.50781250000000     
   2.53125000000000     
   2.55468750000000     
   2.57812500000000     
   2.60156250000000     
   2.62500000000000     
   2.64843750000000     
   2.67187500000000     
   2.69531250000000     
   2.71875000000000     
   2.74218750000000     
   2.76562500000000     
   2.78906250000000     
   2.81250000000000     
   2.83593750000000     
   2.85937500000000     
   2.88281250000000     
   2.90625000000000     
   2.92968750000000     
   2.95312500000000     
   2.97656250000000     
   3.00000000000000     
   3.02343750000000     
   3.04687500000000     
   3.07031250000000     
   3.09375000000000     
   3.11718750000000     
   3.14062500000000     
   3.16406250000000     
   3.18750000000000     
   3.21093750000000     
   3.23437500000000     
   3.25781250000000     
   3.28125000000000     
   3.30468750000000     
   3.32812500000000     
   3.35156250000000     
   3.37500000000000     
   3.39843750000000     
   3.42187500000000     
   3.44531250000000     
   3.46875000000000     
   3.49218750000000     
   3.51562500000000     
   3.53906250000000     
   3.56250000000000     
   3.58593750000000     
   3.60937500000000     
   3.63281250000000     
   3.65625000000000     
   3.67968750000000     
   3.70312500000000     
   3.72656250000000     
   3.75000000000000     
   3.77343750000000     
   3.79687500000000     
   3.82031250000000     
   3.84375000000000     
   3.86718750000000     
   3.89062500000000     
   3.91406250000000     
   3.93750000000000     
   3.96093750000000     
   3.98437500000000     
   4.00781250000000     
   4.03125000000000     
   4.05468750000000     
   4.07812500000000     
   4.10156250000000     
   4.12500000000000     
   4.14843750000000     
   4.17187500000000     
   4.19531250000000     
   4.21875000000000     
   4.24218750000000     
   4.26562500000000     
   4.28906250000000     
   4.31250000000000     
   4.33593750000000     
   4.35937500000000     
   4.38281250000000     
   4.40625000000000     
   4.42968750000000     
   4.45312500000000     
   4.47656250000000     
   4.50000000000000     
   4.52343750000000     
   4.54687500000000     
   4.57031250000000     
   4.59375000000000     
   4.61718750000000     
   4.64062500000000     
   4.66406250000000     
   4.68750000000000     
   4.71093750000000     
   4.73437500000000     
   4.75781250000000     
   4.78125000000000     
   4.80468750000000     
   4.82812500000000     
   4.85156250000000     
   4.87500000000000     
   4.89843750000000     
   4.92187500000000     
   4.94531250000000     
   4.96875000000000     
   4.99218750000000     
   5.01562500000000     
   5.03906250000000     
   5.06250000000000     
   5.08593750000000     
   5.10937500000000     
   5.13281250000000     
   5.15625000000000     
   5.17968750000000     
   5.20312500000000     
   5.22656250000000     
   5.25000000000000     
   5.27343750000000     
   5.29687500000000     
   5.32031250000000     
   5.34375000000000     
   5.36718750000000     
   5.39062500000000     
   5.41406250000000     
   5.43750000000000     
   5.46093750000000     
   5.48437500000000     
   5.50781250000000     
   5.53125000000000     
   5.55468750000000     
   5.57812500000000     
   5.60156250000000     
   5.62500000000000     
   5.64843750000000     
   5.67187500000000     
   5.69531250000000     
   5.71875000000000     
   5.74218750000000     
   5.76562500000000     
   5.78906250000000     
   5.81250000000000     
   5.83593750000000     
   5.85937500000000     
   5.88281250000000     
   5.90625000000000     
   5.92968750000000     
   5.95312500000000     
   5.97656250000000     
